8606
9478
9356
8830
8210
7978
7594
7260
5994
4081
2890
1304
-2253
-9741
-16723
-18253
-16187
-17704
-20524
-19612
-11807
-2871
2865
6942
10840
15458
17324
16815
14426
11850
6708
488
-4092
-5843
-7291
-9315
-10838
-11532
-10164
-7983
-6050
-6228
-6595
-6128
-3992
-1485
576
2279
4603
7752
10330
12319
13413
13131
10059
5935
2148
-1309
-5696
-10702
-14500
-15955
-15021
-13088
-10192
-6847
-3170
550
4219
7106
8455
8563
7427
5588
3623
1997
-386
-3310
-5056
-5738
-6293
-6260
-5907
-6187
-6378
-5265
-3599
-2543
-1354
-43
1031
2356
3954
4581
3905
2985
1933
437
-1175
-2670
-4199
-5239
-5287
-4554
-3351
-1662
187
1912
3670
5228
6081
6174
5805
5153
4131
2700
1074
-231
-1055
-1973
-2499
-2187
-1318
-653
639
2309
3720
4820
6538
7858
8602
9381
9686
9618
9639
9832
9148
8431
7928
6877
5109
3556
2024
-854
-8383
-16971
-19412
-16943
-18070
-21952
-22202
-14761
-5193
1241
6023
10299
15401
17947
18030
16261
14147
9055
1979
-3195
-5307
-7029
-9481
-11273
-12448
-11660
-9368
-6826
-6500
-7162
-6985
-4799
-1909
372
1984
4228
7406
10172
12365
13997
14253
11408
7189
3348
-29
-4415
-9731
-14204
-16457
-16177
-14491
-11610
-8261
-4688
-943
3254
7281
9476
9370
8117
6916
5220
3207
1154
-1772
-5023
-6690
-6786
-6738
-7085
-7291
-7456
-6828
-4619
-2301
-1191
-171
1444
3048
4454
5456
5121
3511
2002
812
-771
-2720
-4369
-5674
-6295
-5671
-4174
-2561
-744
1240
3303
5320
6816
7221
6870
6246
5178
3687
1994
282
-1201
-2294
-2874
-2793
-1976
-1132
76
1820
3843
5123
6303
7748
8773
9320
9853
10409
10158
9650
9126
8889
8210
7391
5142
3535
1986
40
-5200
-14303
-19573
-18024
-17098
-20203
-22073
-17713
-7939
-584
4938
8993
14123
17754
18384
16901
14805
11363
4515
-1838
-5395
-6767
-9097
-10937
-12439
-12279
-10424
-7571
-6103
-6380
-6322
-4980
-2230
166
2082
3859
6622
9368
11501
13143
14062
12479
8446
4320
799
-3055
-8068
-12780
-15888
-16450
-15230
-12671
-9241
-5752
-2127
1687
5828
8631
9418
8136
6471
5300
4047
1967
-622
-2935
-4554
-5081
-5077
-5094
-5573
-6037
-6154
-5269
-3800
-2514
-1874
-1036
539
2450
3824
4169
3711
2775
1845
747
-726
-2398
-3681
-4531
-4571
-3720
-2330
-912
544
2197
3889
5205
5726
5596
5113
4421
3448
2166
769
-356
-1231
-1894
-2071
-1590
-1024
-225
1092
2618
4181
5626
6842
7922
8705
8829
9313
9855
9942
9220
8438
8146
7935
6932
5492
3441
1026
-880
-6881
-15770
-19850
-17305
-17577
-21112
-21832
-15094
-5508
1074
5901
9773
15237
18362
18200
15714
13833
9615
2405
-3373
-5711
-7240
-9851
-11488
-12444
-11596
-9410
-6824
-6187
-6403
-5979
-4184
-1595
654
2296
4203
7196
9870
11800
13173
13631
11206
7133
3302
-131
-4407
-9540
-13797
-16136
-16001
-14506
-11720
-8246
-4422
-550
3450
7418
9691
9577
7909
6738
5207
2471
-67
-1708
-3528
-4994
-5493
-5538
-5761
-6022
-6069
-6218
-5615
-4377
-3166
-2121
-403
1479
3043
4262
4874
4541
3443
2148
385
-1583
-3209
-4335
-5173
-5201
-4325
-2888
-1149
726
2540
4075
5267
5792
5802
5423
4592
3193
1784
631
-429
-1360
-1792
-1967
-1672
-718
541
1779
3121
4744
5947
6720
7686
9076
9521
9330
9794
10436
9570
8583
8184
7662
6019
4314
2454
49
-3666
-11241
-18490
-19002
-16806
-19065
-21981
-19615
-10361
-2376
3141
7766
12485
16825
18327
17622
15344
12634
6584
-297
-4669
-6196
-8515
-11149
-12538
-12623
-11202
-8692
-6438
-6210
-6132
-4955
-2442
38
2083
3721
5898
8612
10855
12414
13363
12568
9126
5059
1600
-1951
-6813
-11635
-14996
-16257
-15610
-13517
-10189
-6582
-2737
1069
5147
8335
9471
8489
6879
5702
4026
1554
-836
-2814
-4337
-5158
-5295
-5048
-5282
-5522
-5456
-4774
-3719
-2660
-1994
-1207
238
1807
2925
3416
3256
2668
1856
810
-614
-2190
-3327
-4017
-4200
-3630
-2379
-955
586
2314
4034
5163
5627
5564
5170
4412
3354
1897
488
-535
-1262
-1841
-1918
-1309
-565
270
1778
3574
4916
6131
7304
8256
8712
9011
9492
10151
9960
8958
8472
8464
7736
5815
4332
2719
494
-4357
-13142
-19059
-17811
-16968
-20385
-22702
-18376
-8894
-1712
3798
8506
13663
17469
18371
17340
15482
12153
5189
-1404
-4918
-6557
-9222
-11445
-12609
-12485
-10778
-7987
-6065
-5873
-5738
-4492
-1917
609
2471
3950
6262
8891
10970
12573
13489
12090
8481
4638
1317
-2494
-7349
-11942
-15151
-16106
-15300
-12858
-9425
-5746
-2076
1843
6227
9473
10263
8908
7430
6181
4152
990
-2097
-4164
-5459
-6706
-6659
-5888
-5563
-5444
-4896
-3517
-2260
-1089
-531
-7
1002
2549
3165
3006
2683
2033
895
-233
-1336
-2821
-4000
-4457
-4134
-3320
-1829
-218
1467
3244
4997
6023
6216
5910
5257
4196
2837
1361
-181
-1266
-1941
-2236
-2121
-1216
-215
776
2425
4348
5870
6963
7932
8314
8711
9126
9718
9900
8883
8250
8388
8201
7215
5698
4350
2498
-170
-5528
-13661
-18841
-17995
-18091
-21066
-22100
-17111
-8013
-1031
4774
9480
14660
18054
18566
16998
14761
10847
3829
-2400
-5861
-7699
-10193
-11934
-12674
-12043
-10133
-7475
-5776
-5369
-5094
-3920
-1656
711
2472
3980
6379
8948
11017
12473
13068
11409
7939
4115
497
-3624
-8434
-12744
-15620
-16272
-15208
-12546
-8929
-4975
-1185
2597
6458
8956
9082
7563
6196
4714
2457
116
-1780
-3521
-4779
-5350
-5136
-4873
-4962
-5087
-4844
-4025
-2898
-1952
-1349
-379
991
2145
2726
2930
2508
1583
586
-339
-1561
-2786
-3605
-3817
-3480
-2541
-1263
159
1658
3221
4511
5238
5413
5154
4511
3638
2447
946
-453
-1298
-1841
-2221
-2084
-1313
-388
886
2525
3923
5418
6829
7725
8343
9036
8722
8706
9438
9320
7987
7117
6924
6798
5228
4053
2218
-285
-5277
-13697
-18487
-17234
-16953
-20774
-22456
-17176
-7497
-998
4291
8899
14176
17463
18045
16774
14621
10543
3263
-2754
-5899
-7505
-10337
-12165
-12829
-11995
-10025
-7132
-5336
-5062
-4920
-3653
-1172
999
2509
3705
5986
8425
10466
11929
12546
10895
7388
3761
525
-3391
-8227
-12553
-15272
-15881
-14836
-12125
-8521
-4754
-1130
2868
7116
9844
9792
8028
6809
5253
1855
-1234
-2906
-4590
-6451
-6827
-5987
-5265
-4758
-4276
-3803
-3069
-1792
-842
-303
310
1203
2053
2721
2900
2448
1338
170
-891
-2088
-3214
-4028
-4230
-3881
-2784
-1237
