145.454545
145.454545
160.000000
145.454545
160.000000
160.000000
145.454545
160.000000
152.380952
160.000000
160.000000
117.647059
122.137405
125.984252
129.032258
130.081301
131.147541
133.333333
134.453782
135.593220
135.593220
135.593220
136.752137
135.593220
133.333333
132.231405
129.032258
124.031008
121.212121
118.518519
116.788321
114.285714
112.676056
109.589041
106.666667
103.896104
102.564103
102.564103
102.564103
101.265823
100.628931
99.378882
98.159509
95.808383
94.674556
93.023256
93.023256
91.954023
90.909091
90.395480
89.385475
86.956522
84.656085
82.901554
78.817734
76.555024
62.015504
1.#INF00
