103.896104
101.910828
101.265823
100.628931
100.000000
101.265823
103.896104
105.263158
105.263158
107.382550
110.344828
112.676056
115.107914
116.788321
117.647059
117.647059
119.402985
120.300752
122.137405
123.076923
124.031008
124.031008
123.076923
122.137405
123.076923
122.137405
122.137405
121.212121
120.300752
120.300752
120.300752
120.300752
121.212121
121.212121
121.212121
122.137405
122.137405
123.076923
122.137405
122.137405
121.212121
121.212121
121.212121
120.300752
119.402985
120.300752
121.212121
121.212121
122.137405
122.137405
122.137405
124.031008
125.984252
126.984127
126.984127
129.032258
130.081301
130.081301
130.081301
130.081301
130.081301
130.081301
130.081301
131.147541
130.081301
130.081301
128.000000
124.031008
120.300752
108.108108
