1.000000
0.983100
0.934344
0.858432
0.761557
0.651132
0.535851
0.424687
0.325623
0.244851
0.186601
0.153149
0.144604
0.158932
0.192268
0.239694
0.295608
0.353830
0.407874
0.451881
0.481113
0.491949
0.481969
0.450300
0.397834
0.327221
0.242735
0.149849
0.054806
-0.035877
-0.115929
-0.180037
-0.224371
-0.246769
-0.246915
-0.226692
-0.190113
-0.142480
-0.089646
-0.037678
0.007366
0.040083
0.056533
0.054713
0.034351
-0.003391
-0.055901
-0.119185
-0.188290
-0.257966
-0.323095
-0.378941
-0.421467
-0.447856
-0.456757
-0.448248
-0.423764
-0.386058
-0.339080
-0.287610
-0.236816
-0.191766
-0.156998
-0.136040
-0.131174
-0.143275
-0.171647
-0.213972
-0.266603
-0.324964
-0.383930
-0.438315
-0.483367
-0.515234
-0.531160
-0.529743
-0.511188
-0.477378
-0.431461
-0.377416
-0.319803
-0.263552
-0.213496
-0.173690
-0.147028
-0.135184
-0.138623
-0.156386
-0.186149
-0.224507
-0.267414
-0.310502
-0.349386
-0.380059
-0.399318
-0.405041
-0.396263
-0.373252
-0.337459
-0.291426
-0.238548
-0.182831
-0.128507
-0.079603
-0.039543
-0.011021
0.004158
0.005431
-0.006348
-0.029068
-0.059644
-0.094252
-0.128653
-0.158544
-0.179971
-0.189714
-0.185635
-0.166917
-0.134102
-0.088981
-0.034413
0.025964
0.088091
0.147750
0.200974
0.244502
0.276019
0.294212
0.298866
0.290844
0.271931
0.244774
0.212729
0.179524
0.148888
0.124400
0.109304
0.106099
0.116249
0.140241
0.177540
0.226298
0.283388
0.344810
0.406152
0.462910
0.510716
0.545631
0.564715
0.566504
0.551036
0.519656
0.474901
0.420395
0.360425
0.299450
0.241744
0.191166
0.150681
0.122104
0.106157
0.102596
0.110184
0.126853
0.149947
0.176453
0.203248
0.227292
0.245867
0.256759
0.258423
0.250006
0.231434
0.203440
0.167585
0.126106
0.081693
0.037254
-0.004321
-0.040405
-0.068833
-0.088069
-0.097457
-0.097285
-0.088665
-0.073332
-0.053495
-0.031671
-0.010473
0.007707
0.020913
0.027714
0.027294
0.019532
0.004942
-0.015453
-0.040208
-0.067541
-0.095487
-0.122099
-0.145592
-0.164416
-0.177413
-0.183946
-0.183910
-0.177679
-0.166127
-0.150597
-0.132795
-0.114591
-0.097793
-0.084001
-0.074522
-0.070260
-0.071576
-0.078271
-0.089627
-0.104516
-0.121489
-0.138970
-0.155432
-0.169473
-0.179881
-0.185801
-0.186842
-0.183018
-0.174699
-0.162601
-0.147733
-0.131274
-0.114462
-0.098533
-0.084642
-0.073735
-0.066447
-0.063075
-0.063578
-0.067592
-0.074449
-0.083221
-0.092808
-0.102063
-0.109900
-0.115400
-0.117878
-0.116947
-0.112538
-0.104869
-0.094431
-0.081974
-0.068402
-0.054623
-0.041500
-0.029835
-0.020280
-0.013261
-0.008975
-0.007396
-0.008271
-0.011141
-0.015406
-0.020365
-0.025260
-0.029346
-0.031974
-0.032612
-0.030897
-0.026705
-0.020151
-0.011531
-0.001332
0.009802
0.021151
0.032000
0.041679
0.049623
0.055462
0.059026
0.060321
0.059532
0.057033
0.053305
0.048889
0.044368
0.040308
0.037168
0.035317
0.035044
0.036496
0.039656
0.044390
0.050453
0.057467
0.064961
0.072430
0.079349
0.085192
0.089503
0.091934
0.092252
0.090382
0.086451
0.080737
0.073625
0.065608
0.057241
0.049067
0.041573
0.035167
0.030122
0.026562
0.024466
0.023694
0.024018
0.025143
0.026735
0.028451
0.029978
0.031058
0.031504
0.031187
0.030041
0.028067
0.025324
0.021936
0.018061
0.013874
0.009567
0.005354
0.001425
-0.002053
-0.004935
-0.007125
-0.008595
-0.009364
-0.009497
-0.009105
-0.008337
-0.007366
-0.006370
-0.005515
-0.004941
-0.004745
-0.004977
-0.005653
-0.006740
-0.008166
-0.009840
-0.011645
-0.013446
-0.015129
-0.016607
-0.017805
-0.018675
-0.019205
-0.019408
-0.019309
-0.018972
-0.018479
-0.017898
-0.017274
-0.016673
-0.016156
-0.015739
-0.015426
-0.015210
-0.015077
-0.014990
-0.014916
-0.014815
-0.014662
-0.014431
-0.014107
-0.013681
-0.013165
-0.012573
-0.011924
-0.011238
-0.010545
-0.009869
-0.009231
-0.008650
-0.008132
-0.007681
-0.007295
-0.006972
-0.006696
-0.006454
-0.006226
-0.005997
-0.005748
-0.005463
-0.005128
-0.004735
-0.004285
-0.003780
-0.003227
-0.002639
-0.002037
-0.001442
-0.000872
-0.000342
0.000135
0.000546
0.000888
0.001166
0.001385
0.001556
0.001688
0.001797
0.001897
0.001999
0.002114
0.002248
0.002409
0.002599
0.002817
0.003057
0.003314
0.003578
0.003838
0.004080
0.004291
0.004458
0.004570
0.004621
0.004605
0.004524
0.004384
0.004192
0.003962
0.003707
0.003442
0.003181
0.002938
0.002719
0.002530
0.002373
0.002249
0.002152
0.002077
0.002017
0.001966
0.001916
0.001862
0.001800
0.001725
0.001635
0.001530
0.001411
0.001277
0.001135
0.000986
0.000837
0.000690
0.000554
0.000432
0.000329
0.000247
0.000186
0.000145
0.000122
0.000114
0.000118
0.000126
0.000135
0.000143
0.000145
0.000142
0.000130
0.000109
0.000081
0.000047
0.000008
-0.000033
-0.000073
-0.000113
-0.000148
-0.000180
-0.000204
-0.000221
-0.000230
-0.000233
-0.000229
-0.000221
-0.000209
-0.000195
-0.000181
-0.000168
-0.000156
-0.000148
-0.000142
-0.000139
-0.000137
-0.000137
-0.000137
-0.000137
-0.000135
-0.000132
-0.000126
-0.000118
-0.000107
-0.000095
-0.000082
-0.000068
-0.000054
-0.000042
-0.000030
-0.000020
-0.000011
-0.000005
0.000000
