1.000000
0.982868
0.933433
0.856638
0.759274
0.649361
0.535802
0.427419
0.331879
0.255020
0.200495
0.169558
0.161028
0.171888
0.198054
0.234883
0.277270
0.319869
0.357604
0.386186
0.402314
0.403610
0.388579
0.356556
0.307807
0.243847
0.167530
0.082848
-0.005484
-0.092322
-0.172456
-0.240970
-0.293705
-0.327600
-0.341109
-0.334701
-0.310862
-0.273495
-0.227265
-0.177381
-0.129383
-0.088587
-0.059298
-0.044339
-0.045047
-0.061376
-0.091952
-0.134306
-0.185284
-0.241349
-0.298673
-0.353345
-0.401849
-0.441461
-0.470175
-0.486577
-0.489894
-0.480163
-0.458359
-0.426389
-0.386946
-0.343237
-0.298743
-0.256982
-0.221336
-0.194793
-0.179600
-0.176944
-0.186774
-0.207813
-0.237765
-0.273709
-0.312372
-0.350281
-0.383953
-0.410383
-0.427536
-0.434396
-0.430743
-0.417059
-0.394538
-0.364895
-0.330115
-0.292316
-0.253699
-0.216363
-0.182051
-0.152161
-0.127925
-0.110433
-0.100435
-0.098130
-0.103127
-0.114541
-0.131060
-0.150900
-0.171847
-0.191403
-0.206996
-0.216214
-0.217141
-0.208640
-0.190378
-0.162765
-0.126896
-0.084547
-0.037992
0.010228
0.057602
0.101989
0.141824
0.176039
0.203909
0.225085
0.239707
0.248345
0.251731
0.250621
0.245914
0.238733
0.230370
0.222282
0.216239
0.214226
0.218079
0.229152
0.248312
0.275966
0.311716
0.354001
0.400149
0.446854
0.490461
0.527263
0.553928
0.568015
0.568129
0.553976
0.526550
0.488187
0.442176
0.392175
0.341782
0.294186
0.251997
0.217073
0.190394
0.172007
0.161148
0.156452
0.156287
0.159030
0.163169
0.167282
0.170078
0.170453
0.167495
0.160477
0.148934
0.132688
0.111731
0.086227
0.056732
0.024343
-0.009393
-0.042729
-0.073909
-0.101256
-0.123280
-0.138869
-0.147460
-0.149112
-0.144550
-0.135104
-0.122542
-0.108770
-0.095602
-0.084657
-0.077317
-0.074580
-0.076899
-0.084161
-0.095780
-0.110859
-0.128328
-0.147042
-0.165807
-0.183424
-0.198753
-0.210848
-0.219022
-0.222862
-0.222240
-0.217269
-0.208300
-0.195943
-0.181158
-0.165166
-0.149304
-0.134792
-0.122656
-0.113724
-0.108612
-0.107556
-0.110341
-0.116343
-0.124626
-0.134058
-0.143450
-0.151756
-0.158126
-0.161882
-0.162557
-0.160024
-0.154524
-0.146580
-0.136849
-0.125998
-0.114663
-0.103475
-0.093016
-0.083770
-0.076095
-0.070185
-0.066041
-0.063530
-0.062470
-0.062636
-0.063687
-0.065132
-0.066415
-0.066985
-0.066352
-0.064139
-0.060102
-0.054107
-0.046153
-0.036437
-0.025378
-0.013542
-0.001535
0.010073
0.020800
0.030301
0.038370
0.044944
0.050113
0.054136
0.057415
0.060401
0.063435
0.066709
0.070369
0.074540
0.079237
0.084348
0.089734
0.095255
0.100755
0.106095
0.111225
0.116141
0.120768
0.124926
0.128422
0.131092
0.132768
0.133254
0.132370
0.130001
0.126147
0.120942
0.114672
0.107733
0.100550
0.093523
0.086995
0.081232
0.076386
0.072471
0.069338
0.066701
0.064192
0.061464
0.058264
0.054443
0.049927
0.044715
0.038944
0.032870
0.026809
0.021039
0.015780
0.011178
0.007295
0.004110
0.001549
-0.000488
-0.002145
-0.003596
-0.005006
-0.006475
-0.008020
-0.009652
-0.011393
-0.013265
-0.015261
-0.017375
-0.019583
-0.021862
-0.024181
-0.026501
-0.028780
-0.030936
-0.032857
-0.034395
-0.035443
-0.035943
-0.035902
-0.035341
-0.034318
-0.032945
-0.031394
-0.029877
-0.028579
-0.027648
-0.027169
-0.027188
-0.027681
-0.028568
-0.029727
-0.031009
-0.032235
-0.033226
-0.033832
-0.033964
-0.033579
-0.032655
-0.031216
-0.029336
-0.027119
-0.024683
-0.022170
-0.019725
-0.017483
-0.015553
-0.014022
-0.012956
-0.012388
-0.012316
-0.012685
-0.013398
-0.014341
-0.015393
-0.016416
-0.017266
-0.017818
-0.017975
-0.017674
-0.016895
-0.015663
-0.014040
-0.012117
-0.010002
-0.007811
-0.005666
-0.003678
-0.001946
-0.000523
0.000566
0.001320
0.001752
0.001894
0.001803
0.001544
0.001193
0.000824
0.000504
0.000300
0.000273
0.000469
0.000926
0.001668
0.002692
0.003963
0.005417
0.006987
0.008584
0.010101
0.011432
0.012479
0.013166
0.013449
0.013323
0.012809
0.011963
0.010871
0.009632
0.008353
0.007139
0.006080
0.005233
0.004631
0.004276
0.004148
0.004210
0.004413
0.004695
0.004992
0.005255
0.005450
0.005549
0.005535
0.005402
0.005157
0.004810
0.004375
0.003871
0.003321
0.002744
0.002161
0.001592
0.001060
0.000591
0.000209
-0.000074
-0.000254
-0.000326
-0.000300
-0.000192
-0.000024
0.000174
0.000373
0.000545
0.000666
0.000722
0.000708
0.000624
0.000477
0.000278
0.000051
-0.000185
-0.000408
-0.000604
-0.000764
-0.000879
-0.000948
-0.000974
-0.000963
-0.000922
-0.000860
-0.000785
-0.000706
-0.000625
-0.000548
-0.000476
-0.000412
-0.000356
-0.000310
-0.000271
-0.000240
-0.000216
-0.000201
-0.000193
-0.000193
-0.000195
-0.000196
-0.000197
-0.000198
-0.000193
-0.000182
-0.000167
-0.000149
-0.000129
-0.000108
-0.000087
-0.000068
-0.000050
-0.000034
-0.000020
-0.000009
-0.000002
0.000003
0.000007
0.000009
0.000008
0.000005
0.000001
-0.000004
-0.000009
-0.000013
-0.000017
-0.000019
-0.000019
-0.000018
-0.000014
-0.000008
0.000001
0.000009
0.000017
0.000025
0.000032
0.000037
0.000039
0.000039
0.000037
0.000033
0.000027
0.000020
0.000012
0.000006
0.000000
