1.000000
0.790936
0.753983
0.804942
0.774060
0.845619
0.857771
0.807132
0.788811
0.760966
0.804828
0.946244
0.775385
0.767565
0.833941
0.755965
0.845445
0.863789
0.765436
0.771210
0.770716
0.827800
0.919320
0.774028
0.775050
0.791768
0.736811
0.846732
0.879602
0.745865
0.768123
0.773089
0.784951
0.889708
0.775648
0.788118
0.769091
0.733155
0.840943
0.831257
0.724679
0.766821
0.782607
0.759908
0.872787
0.770886
0.745871
0.743749
0.729660
0.841594
0.801820
0.715019
0.759251
0.739851
0.734181
0.856343
0.769702
0.719065
0.730763
0.720520
0.793902
0.768598
0.705534
0.755611
0.712563
0.718797
0.832478
0.724320
0.692034
0.717601
0.713050
0.759507
0.746834
0.689841
0.712113
0.683186
0.701017
0.809009
0.694650
0.674391
0.696373
0.671370
0.724174
0.721575
0.674687
0.681687
0.662019
0.677784
0.756188
0.661463
0.653203
0.676269
0.641313
0.694828
0.690635
0.634749
0.650447
0.638070
0.653352
0.713591
0.635330
0.627507
0.634370
0.609415
0.661969
0.659225
0.603792
0.622580
0.609107
0.612033
0.669400
0.604865
0.599846
0.600727
0.581579
0.625663
0.614583
0.571417
0.591242
0.579124
0.577160
0.628674
0.571161
0.562222
0.566779
0.550617
0.588209
0.575142
0.540596
0.556374
0.542091
0.542229
0.585208
0.536752
0.528537
0.533365
0.515887
0.545417
0.536108
0.508522
0.521336
0.506850
0.506782
0.540605
0.499418
0.493892
0.498629
0.483231
0.505023
0.495504
0.474764
0.485973
0.471097
0.469896
0.498528
0.464059
0.457830
0.461497
0.448458
0.466059
0.456543
0.441421
0.450086
0.436367
0.432053
0.454268
0.429064
0.423817
0.426394
0.413434
0.426308
0.416971
0.406758
0.414677
0.401564
0.398208
0.411135
0.392812
0.389241
0.391156
0.379328
0.388475
0.380180
0.372635
0.378761
0.365658
0.363811
0.371928
0.357763
0.355953
0.356372
0.346138
0.349460
0.343813
0.340722
0.345447
0.333195
0.330022
0.332519
0.322811
0.323330
0.323153
0.313734
0.315649
0.308597
0.307657
0.311367
0.300564
0.297197
0.296100
0.291728
0.290980
0.289358
0.281720
0.281224
0.275968
0.277772
0.280044
0.266821
0.264719
0.262262
0.261887
0.260235
0.259630
0.250605
0.247857
0.248968
0.245571
0.247029
0.237689
0.237131
0.233675
0.231037
0.231428
0.226148
0.222879
0.218952
0.222785
0.218114
0.214228
0.210940
0.206879
0.206685
0.204160
0.205206
0.199604
0.195543
0.194345
0.190622
0.191550
0.190725
0.187486
0.180346
0.180413
0.180066
0.176037
0.174544
0.172391
0.170943
0.168599
0.167357
0.165160
0.159673
0.157475
0.157666
0.157362
0.154546
0.151980
0.150446
0.145675
0.144427
0.145918
0.144025
0.139046
0.136188
0.138038
0.133363
0.132336
0.132644
0.129887
0.125445
0.124978
0.127076
0.120562
0.118695
0.118865
0.118036
0.114612
0.113041
0.113956
0.108742
0.107388
0.108197
0.107216
0.103077
0.102005
0.101882
0.097939
0.096461
0.097433
0.096261
0.093218
0.091203
0.091803
0.088837
0.087216
0.086926
0.085207
0.083399
0.082232
0.082198
0.078650
0.077541
0.077982
0.076603
0.074947
0.073055
0.073032
0.069779
0.069465
0.069741
0.067985
0.066273
0.065225
0.065554
0.062237
0.062085
0.062117
0.060315
0.058574
0.058339
0.058320
0.054711
0.054340
0.055207
0.053557
0.051756
0.051573
0.051626
0.048301
0.047822
0.049025
0.047387
0.045297
0.044888
0.045381
0.042809
0.041959
0.043005
0.041581
0.039980
0.039741
0.039884
0.037384
0.036359
0.037438
0.036338
0.034988
0.034547
0.034513
0.032923
0.031695
0.032830
0.031556
0.030417
0.029671
0.029624
0.028737
0.027854
0.028369
0.026694
0.026460
0.025898
0.025771
0.024655
0.024008
0.024409
0.022633
0.022582
0.022288
0.022544
0.020804
0.020257
0.020625
0.020155
0.019253
0.018596
0.019006
0.018111
0.017186
0.017286
0.017099
0.016646
0.015679
0.015789
0.015368
0.015216
0.014651
0.014078
0.013641
0.013678
0.013344
0.012758
0.012558
0.012615
0.011818
0.011403
0.011314
0.011306
0.010588
0.010021
0.010278
0.010304
0.009531
0.008901
0.009120
0.009205
0.008425
0.007979
0.008291
0.008357
0.007701
0.007286
0.007346
0.007196
0.006850
0.006642
0.006593
0.006311
0.005889
0.005722
0.005762
0.005753
0.005395
0.005100
0.004921
0.004981
0.004750
0.004486
0.004504
0.004440
0.004214
0.003816
0.003908
0.003915
0.003815
0.003560
0.003532
0.003471
0.003309
0.003075
0.002955
0.002923
0.002871
0.002714
0.002636
0.002558
0.002498
0.002327
0.002241
0.002104
0.002077
0.001992
0.001976
0.001863
0.001786
0.001695
0.001671
0.001582
0.001503
0.001472
0.001497
0.001416
0.001330
0.001272
0.001253
0.001162
0.001071
0.001027
0.001003
0.000986
0.000940
0.000866
0.000793
0.000770
0.000783
0.000752
0.000648
0.000580
0.000589
0.000618
0.000555
0.000469
0.000439
0.000457
0.000437
0.000392
0.000371
0.000388
0.000361
0.000295
0.000235
0.000242
0.000262
0.000226
0.000145
0.000113
0.000124
0.000132
0.000081
0.000028
0.000000
