156.862745
153.846154
160.000000
158.415842
145.454545
160.000000
145.454545
145.454545
160.000000
145.454545
160.000000
107.382550
105.263158
104.575163
105.263158
107.382550
108.843537
110.344828
115.107914
119.402985
124.031008
126.984127
132.231405
134.453782
136.752137
137.931034
139.130435
140.350877
141.592920
141.592920
141.592920
140.350877
137.931034
134.453782
132.231405
129.032258
125.984252
123.076923
120.300752
117.647059
113.475177
108.843537
105.960265
105.263158
103.225806
100.000000
98.765432
96.969697
95.238095
94.117647
93.567251
91.954023
89.385475
87.431694
86.486486
86.021505
86.021505
83.333333
81.632653
85.561497
84.656085
85.561497
83.333333
78.048780
66.666667
1.#INF00
