-2.373941
-2.486079
-2.724286
0.043590
0.614476
-0.262184
-2.192046
0.233922
0.649324
-0.464917
-1.954521
0.092266
0.381242
-0.934299
-1.403947
0.351844
0.446234
-1.379932
-0.269587
1.422720
1.428189
-0.213815
0.554237
1.905450
1.720992
-0.005616
-0.893521
0.523703
0.257244
-1.148293
-0.127716
0.847740
0.327095
-1.453097
0.336124
1.178592
0.540211
-2.100479
-0.245182
0.381524
-0.529443
-2.566010
-1.548461
-0.767633
-1.910690
-3.182258
-1.869679
-1.539269
-2.947004
-3.077891
-2.014054
-1.657654
-3.545591
-3.147811
-2.113393
-2.124657
-3.736323
-3.358779
-2.041703
-2.234815
-3.655726
-3.106421
-2.220525
-2.788042
-3.720483
-3.996388
-2.356408
-3.133147
-3.873848
-3.191209
-2.266141
-3.317098
-3.718652
-3.471046
-2.162066
-3.295069
-3.702462
-2.210612
-1.613461
-2.518797
-3.887815
-1.738354
-1.278206
-2.557360
-2.658480
-0.570894
-0.306225
-1.330297
-2.107576
-0.647257
-0.599827
-2.157978
-2.257181
-1.157210
-1.188041
-2.448002
-2.302938
-1.298114
-1.605137
-3.512762
-2.078926
-1.139575
-1.554347
-2.670690
-1.767800
-0.881832
-1.447474
-2.715597
-1.320406
-0.612429
-1.342988
-2.456449
-1.318868
-0.697190
-1.453772
-2.729133
-1.310879
-0.978808
-2.200192
-2.935550
-1.449026
-1.143853
-2.141203
-2.840002
-1.224956
-1.123293
-2.355430
-3.464099
-1.447859
-1.587145
-3.069580
-3.647572
-2.152723
-2.509731
-4.658920
-3.224669
-2.178840
-2.824319
-3.467842
-3.699482
-2.431049
-3.071545
-4.108341
-2.364355
-1.962585
-2.875417
-2.828011
-2.755422
-2.615865
-3.455248
-4.354065
-2.110051
-1.979255
-2.972740
-2.742282
-4.909132
-2.410733
-3.826096
-3.658659
-2.825900
-2.665890
-4.659661
-4.494671
-4.725443
-3.762487
-5.290378
-4.360114
-3.422633
-3.510308
-6.652383
-4.588009
-3.808476
-3.938993
-5.673337
-3.968522
-3.056316
-4.109973
-5.673162
-3.894822
-3.119255
-3.841371
-4.508699
-3.993173
-3.456704
-4.115002
-5.720653
-3.703515
-3.442536
-3.702859
-5.556770
-3.647049
-3.605019
-3.937276
-4.606239
-3.641402
-3.426895
-3.886964
-4.133844
-3.670543
-3.362602
-4.306274
-3.832437
-3.569172
-3.303026
-4.228936
-3.767935
-3.687052
-3.715059
-4.236798
-4.085602
-3.556879
-3.978217
-3.953360
-4.893768
-4.234912
-5.099980
-4.336109
-4.759648
-4.076639
-4.287014
-4.100892
-4.043031
-3.632672
-3.777086
-4.711648
-4.157862
-3.696770
-4.491538
-5.108190
-3.696670
-3.290773
-4.746115
-4.011569
-2.979273
-2.726231
-3.766868
-3.695040
-2.739022
-2.740656
-3.574394
-4.869088
-3.316970
-3.129977
-3.821254
-4.028283
-3.742906
-3.685569
-4.883279
-4.874147
-6.010671
-4.786603
-5.121244
-5.031554
-5.187671
-5.113922
-5.136960
-5.145799
-5.136960
-5.113922
-5.187671
-5.031554
-5.121244
-4.786603
-6.010671
-4.874147
-4.883279
-3.685569
-3.742906
-4.028283
-3.821254
-3.129977
-3.316970
-4.869088
-3.574394
-2.740656
-2.739022
-3.695040
-3.766868
-2.726231
-2.979273
-4.011569
-4.746115
-3.290773
-3.696670
-5.108190
-4.491538
-3.696770
-4.157862
-4.711648
-3.777086
-3.632672
-4.043031
-4.100892
-4.287014
-4.076639
-4.759648
-4.336109
-5.099980
-4.234912
-4.893768
-3.953360
-3.978217
-3.556879
-4.085602
-4.236798
-3.715059
-3.687052
-3.767935
-4.228936
-3.303026
-3.569172
-3.832437
-4.306274
-3.362602
-3.670543
-4.133844
-3.886964
-3.426895
-3.641402
-4.606239
-3.937276
-3.605019
-3.647049
-5.556770
-3.702859
-3.442536
-3.703515
-5.720653
-4.115002
-3.456704
-3.993173
-4.508699
-3.841371
-3.119255
-3.894822
-5.673162
-4.109973
-3.056316
-3.968522
-5.673337
-3.938993
-3.808476
-4.588009
-6.652383
-3.510308
-3.422633
-4.360114
-5.290378
-3.762487
-4.725443
-4.494671
-4.659661
-2.665890
-2.825900
-3.658659
-3.826096
-2.410733
-4.909132
-2.742282
-2.972740
-1.979255
-2.110051
-4.354065
-3.455248
-2.615865
-2.755422
-2.828011
-2.875417
-1.962585
-2.364355
-4.108341
-3.071545
-2.431049
-3.699482
-3.467842
-2.824319
-2.178840
-3.224669
-4.658920
-2.509731
-2.152723
-3.647572
-3.069580
-1.587145
-1.447859
-3.464099
-2.355430
-1.123293
-1.224956
-2.840002
-2.141203
-1.143853
-1.449026
-2.935550
-2.200192
-0.978808
-1.310879
-2.729133
-1.453772
-0.697190
-1.318868
-2.456449
-1.342988
-0.612429
-1.320406
-2.715597
-1.447474
-0.881832
-1.767800
-2.670690
-1.554347
-1.139575
-2.078926
-3.512762
-1.605137
-1.298114
-2.302938
-2.448002
-1.188041
-1.157210
-2.257181
-2.157978
-0.599827
-0.647257
-2.107576
-1.330297
-0.306225
-0.570894
-2.658480
-2.557360
-1.278206
-1.738354
-3.887815
-2.518797
-1.613461
-2.210612
-3.702462
-3.295069
-2.162066
-3.471046
-3.718652
-3.317098
-2.266141
-3.191209
-3.873848
-3.133147
-2.356408
-3.996388
-3.720483
-2.788042
-2.220525
-3.106421
-3.655726
-2.234815
-2.041703
-3.358779
-3.736323
-2.124657
-2.113393
-3.147811
-3.545591
-1.657654
-2.014054
-3.077891
-2.947004
-1.539269
-1.869679
-3.182258
-1.910690
-0.767633
-1.548461
-2.566010
-0.529443
0.381524
-0.245182
-2.100479
0.540211
1.178592
0.336124
-1.453097
0.327095
0.847740
-0.127716
-1.148293
0.257244
0.523703
-0.893521
-0.005616
1.720992
1.905450
0.554237
-0.213815
1.428189
1.422720
-0.269587
-1.379932
0.446234
0.351844
-1.403947
-0.934299
0.381242
0.092266
-1.954521
-0.464917
0.649324
0.233922
-2.192046
-0.262184
0.614476
0.043590
-2.724286
-2.486079
