1.000000
0.949949
0.816623
0.629599
0.406340
0.155493
-0.103681
-0.340687
-0.529577
-0.658054
-0.723172
-0.725326
-0.670388
-0.570733
-0.440508
-0.288807
-0.124460
0.038765
0.185111
0.306060
0.401313
0.472935
0.519617
0.535344
0.514152
0.456198
0.368633
0.258769
0.130262
-0.013940
-0.165150
-0.309081
-0.430664
-0.518322
-0.563940
-0.562836
-0.515276
-0.425900
-0.301563
-0.151217
0.010796
0.165692
0.295995
0.390666
0.444400
0.454996
0.422473
0.350360
0.247123
0.125300
-0.000821
-0.117961
-0.215713
-0.287767
-0.330938
-0.343387
-0.324776
-0.278426
-0.211191
-0.131069
-0.045903
0.036919
0.111759
0.174928
0.222723
0.251114
0.257304
0.240815
0.203472
0.149046
0.081512
0.004079
-0.078885
-0.160175
-0.231539
-0.285499
-0.315709
-0.317783
-0.290412
-0.234842
-0.154050
-0.053345
0.058898
0.171566
0.272075
0.348333
0.391407
0.396866
0.364130
0.294855
0.193076
0.066722
-0.070933
-0.203741
-0.317785
-0.404044
-0.456581
-0.470963
-0.445986
-0.384706
-0.293591
-0.181234
-0.058984
0.060889
0.168917
0.260999
0.335332
0.388064
0.413580
0.409422
0.379185
0.328635
0.261027
0.175813
0.072520
-0.045192
-0.167339
-0.282534
-0.382915
-0.462999
-0.514501
-0.527548
-0.496339
-0.420142
-0.301088
-0.144807
0.034255
0.214831
0.378542
0.516897
0.622530
0.679516
0.670959
0.598210
0.480773
0.336695
0.174071
0.001276
-0.163990
-0.302113
-0.401231
-0.458271
-0.473458
-0.449685
-0.393907
-0.315723
-0.222882
-0.120954
-0.017181
0.078969
0.159898
0.223694
0.271785
0.304980
0.321058
0.316427
0.289568
0.243262
0.182497
0.110803
0.029872
-0.057087
-0.142938
-0.218761
-0.277004
-0.312570
-0.322251
-0.305346
-0.263861
-0.201522
-0.123003
-0.035052
0.052699
0.130037
0.189567
0.227698
0.242912
0.234952
0.205213
0.157407
0.097362
0.032353
-0.030281
-0.084654
-0.126992
-0.155416
-0.168969
-0.167158
-0.150672
-0.122501
-0.086881
-0.047522
-0.007446
0.030358
0.063453
0.090153
0.108762
0.117690
0.116285
0.104932
0.084738
0.057461
0.024870
-0.011380
-0.048663
-0.083105
-0.111015
-0.129695
-0.137066
-0.131742
-0.113665
-0.084055
-0.045075
0.000047
0.047063
0.091083
0.127052
0.150632
0.159268
0.152367
0.130499
0.095100
0.048903
-0.003588
-0.056408
-0.103637
-0.140993
-0.165938
-0.176689
-0.172383
-0.153820
-0.123381
-0.084196
-0.040065
0.004598
0.045701
0.080770
0.109021
0.129819
0.141737
0.143430
0.135452
0.119913
0.098622
0.071946
0.039690
0.002459
-0.037333
-0.076011
-0.110554
-0.139144
-0.159708
-0.169085
-0.164805
-0.146204
-0.113966
-0.069410
-0.015693
0.041371
0.095121
0.141238
0.177787
0.201612
0.207467
0.192816
0.161668
0.120638
0.073747
0.023005
-0.027621
-0.072119
-0.105820
-0.127113
-0.136186
-0.133562
-0.120691
-0.100213
-0.074865
-0.046662
-0.017500
0.010354
0.034635
0.054135
0.068802
0.078968
0.084629
0.085127
0.079934
0.069300
0.054398
0.036495
0.016367
-0.005376
-0.027358
-0.047370
-0.063375
-0.074065
-0.078639
-0.076668
-0.068452
-0.054880
-0.037187
-0.016883
0.004007
0.023183
0.038684
0.049370
0.054787
0.054830
0.049785
0.040434
0.027985
0.013907
-0.000158
-0.012767
-0.022991
-0.030359
-0.034573
-0.035491
-0.033259
-0.028416
-0.021782
-0.014123
-0.006020
0.001942
0.009104
0.015043
0.019522
0.022263
0.023033
0.021850
0.018888
0.014355
0.008590
0.002029
-0.004834
-0.011424
-0.017085
-0.021263
-0.023546
-0.023650
-0.021482
-0.017222
-0.011265
-0.004145
0.003469
0.010834
0.017194
0.021825
0.024161
0.024019
0.021539
0.016989
0.010710
0.003272
-0.004488
-0.011674
-0.017591
-0.021814
-0.024061
-0.024188
-0.022290
-0.018697
-0.013822
-0.008127
-0.002178
0.003417
0.008227
0.012110
0.015037
0.016900
0.017538
0.016956
0.015379
0.013088
0.010209
0.006733
0.002687
-0.001724
-0.006112
-0.010136
-0.013588
-0.016273
-0.017849
-0.018012
-0.016661
-0.013859
-0.009697
-0.004398
0.001499
0.007258
0.012326
0.016480
0.019458
0.020760
0.019998
0.017384
0.013552
0.009014
0.004027
-0.001084
-0.005759
-0.009479
-0.011993
-0.013295
-0.013419
-0.012474
-0.010699
-0.008322
-0.005532
-0.002593
0.000190
0.002664
0.004744
0.006356
0.007422
0.007946
0.007963
0.007461
0.006461
0.005036
0.003343
0.001504
-0.000401
-0.002288
-0.003965
-0.005239
-0.006029
-0.006321
-0.006092
-0.005352
-0.004200
-0.002759
-0.001164
0.000430
0.001853
0.002978
0.003736
0.004099
0.004068
0.003678
0.003004
0.002145
0.001198
0.000259
-0.000577
-0.001247
-0.001735
-0.002040
-0.002148
-0.002059
-0.001818
-0.001482
-0.001084
-0.000641
-0.000181
0.000255
0.000635
0.000941
0.001159
0.001273
0.001278
0.001176
0.000978
0.000696
0.000358
0.000005
-0.000326
-0.000610
-0.000821
-0.000939
-0.000957
-0.000882
-0.000724
-0.000507
-0.000265
-0.000024
0.000192
0.000364
0.000477
0.000525
0.000507
0.000434
0.000322
0.000187
0.000044
-0.000091
-0.000205
-0.000293
-0.000349
-0.000367
-0.000352
-0.000312
-0.000258
-0.000193
-0.000123
-0.000052
0.000011
0.000062
0.000099
0.000125
0.000140
0.000144
0.000138
0.000124
0.000105
0.000083
0.000060
0.000038
0.000020
0.000007
0.000000
