10.258472
9.513938
5.118119
3.778635
4.557575
5.822730
6.025292
5.498958
4.267804
5.257368
5.511433
5.435950
5.358794
4.605186
4.717565
4.027616
4.668638
5.106290
5.155109
5.145008
4.201005
4.279007
4.288594
4.412663
4.406236
3.264891
4.487024
4.823969
4.960083
5.233637
5.415769
4.164441
4.881920
5.372671
5.257656
4.419147
5.039204
5.715780
5.490202
4.837516
4.620639
4.868763
5.355853
5.553590
5.662828
5.557462
5.499612
5.871049
6.031342
6.042074
5.900256
5.505085
5.237455
4.586300
4.772592
4.908979
4.654374
5.225576
4.967127
4.517002
5.177459
5.268303
5.063660
4.757416
4.722711
5.678149
5.274132
4.758445
5.271705
5.618976
4.706084
4.936961
5.521206
5.150184
5.058197
5.181717
4.749543
4.908522
5.241727
5.645348
5.632069
4.944250
4.921557
4.385179
5.096466
4.806210
5.744022
6.307503
7.228989
6.984158
5.957912
6.620826
7.585767
8.096551
7.143387
6.827833
6.993803
8.157482
8.176622
6.870129
6.779577
7.436149
8.160717
7.591014
6.999588
6.779618
7.311403
7.478352
6.730196
6.423506
6.120837
5.982105
6.015741
5.552486
5.268062
5.974944
6.075417
6.215594
6.072223
5.945136
5.655855
5.625800
5.417697
4.804336
5.181919
5.275343
5.790337
6.057842
5.735457
5.626531
5.569125
5.357627
4.876901
5.806599
5.394743
6.547234
6.828006
6.763778
6.771264
5.042070
6.666788
6.807207
6.540525
6.356585
5.774182
6.026404
5.906992
5.397970
3.998796
4.516356
5.230753
4.807228
3.988641
5.394222
5.184913
4.935304
4.538734
4.349648
4.036713
4.825206
4.886960
4.686813
5.668597
5.649576
5.552775
5.054401
5.124373
3.336509
5.149499
5.507547
5.456806
5.851353
5.922898
4.961060
5.584273
5.884370
5.532756
5.667822
5.524983
5.646137
6.520301
7.122003
6.850814
6.427035
6.971424
7.485386
7.804198
6.615273
7.041854
6.921524
7.560673
7.525371
5.823632
6.068528
5.290341
5.656317
6.018403
5.847300
6.289572
7.385645
7.496412
7.192597
7.082218
7.177039
7.855833
7.519060
7.607412
7.155354
7.094115
7.357777
7.143788
6.726786
5.965812
5.875047
5.744210
5.504822
5.308115
5.742562
5.854467
6.659504
6.438731
5.662640
5.637680
5.504578
4.606001
5.198156
6.178270
5.816838
7.137176
7.262396
6.997194
7.182997
5.775037
7.494757
7.394226
7.021811
6.757064
6.557366
6.875876
6.652494
5.551894
5.106486
4.666615
5.805326
5.804498
5.050196
5.417116
5.708586
5.777922
5.462420
5.468837
5.583046
5.679939
5.703700
5.539553
5.551624
3.602042
5.551624
5.539553
5.703700
5.679939
5.583046
5.468837
5.462420
5.777922
5.708586
5.417116
5.050196
5.804498
5.805326
4.666615
5.106486
5.551894
6.652494
6.875876
6.557366
6.757064
7.021811
7.394226
7.494757
5.775037
7.182997
6.997194
7.262396
7.137176
5.816838
6.178270
5.198156
4.606001
5.504578
5.637680
5.662640
6.438731
6.659504
5.854467
5.742562
5.308115
5.504822
5.744210
5.875047
5.965812
6.726786
7.143788
7.357777
7.094115
7.155354
7.607412
7.519060
7.855833
7.177039
7.082218
7.192597
7.496412
7.385645
6.289572
5.847300
6.018403
5.656317
5.290341
6.068528
5.823632
7.525371
7.560673
6.921524
7.041854
6.615273
7.804198
7.485386
6.971424
6.427035
6.850814
7.122003
6.520301
5.646137
5.524983
5.667822
5.532756
5.884370
5.584273
4.961060
5.922898
5.851353
5.456806
5.507547
5.149499
3.336509
5.124373
5.054401
5.552775
5.649576
5.668597
4.686813
4.886960
4.825206
4.036713
4.349648
4.538734
4.935304
5.184913
5.394222
3.988641
4.807228
5.230753
4.516356
3.998796
5.397970
5.906992
6.026404
5.774182
6.356585
6.540525
6.807207
6.666788
5.042070
6.771264
6.763778
6.828006
6.547234
5.394743
5.806599
4.876901
5.357627
5.569125
5.626531
5.735457
6.057842
5.790337
5.275343
5.181919
4.804336
5.417697
5.625800
5.655855
5.945136
6.072223
6.215594
6.075417
5.974944
5.268062
5.552486
6.015741
5.982105
6.120837
6.423506
6.730196
7.478352
7.311403
6.779618
6.999588
7.591014
8.160717
7.436149
6.779577
6.870129
8.176622
8.157482
6.993803
6.827833
7.143387
8.096551
7.585767
6.620826
5.957912
6.984158
7.228989
6.307503
5.744022
4.806210
5.096466
4.385179
4.921557
4.944250
5.632069
5.645348
5.241727
4.908522
4.749543
5.181717
5.058197
5.150184
5.521206
4.936961
4.706084
5.618976
5.271705
4.758445
5.274132
5.678149
4.722711
4.757416
5.063660
5.268303
5.177459
4.517002
4.967127
5.225576
4.654374
4.908979
4.772592
4.586300
5.237455
5.505085
5.900256
6.042074
6.031342
5.871049
5.499612
5.557462
5.662828
5.553590
5.355853
4.868763
4.620639
4.837516
5.490202
5.715780
5.039204
4.419147
5.257656
5.372671
4.881920
4.164441
5.415769
5.233637
4.960083
4.823969
4.487024
3.264891
4.406236
4.412663
4.288594
4.279007
4.201005
5.145008
5.155109
5.106290
4.668638
4.027616
4.717565
4.605186
5.358794
5.435950
5.511433
5.257368
4.267804
5.498958
6.025292
5.822730
4.557575
3.778635
5.118119
9.513938
