1.000000
0.942444
0.813434
0.690191
0.599609
0.511767
0.402599
0.283663
0.165608
0.028802
-0.144943
-0.327494
-0.463800
-0.532847
-0.565132
-0.592106
-0.605032
-0.579795
-0.523263
-0.467909
-0.425156
-0.369847
-0.275977
-0.150185
-0.018671
0.103676
0.215745
0.308260
0.361932
0.373534
0.369476
0.380304
0.406752
0.421548
0.401031
0.344913
0.265320
0.170878
0.068125
-0.029459
-0.106642
-0.161467
-0.207777
-0.259300
-0.315525
-0.366587
-0.406550
-0.435375
-0.449372
-0.438849
-0.399056
-0.339649
-0.278343
-0.226210
-0.181866
-0.138528
-0.091540
-0.037467
0.028180
0.105719
0.184306
0.246303
0.281239
0.293545
0.295364
0.294959
0.294062
0.292919
0.291728
0.285550
0.262788
0.214257
0.144022
0.067531
-0.001314
-0.058663
-0.107014
-0.148937
-0.187697
-0.229983
-0.281219
-0.336781
-0.382030
-0.403978
-0.401491
-0.381744
-0.349709
-0.306003
-0.254784
-0.206050
-0.165181
-0.123856
-0.067449
0.008796
0.095475
0.179741
0.254114
0.311931
0.342587
0.340904
0.320260
0.305251
0.305655
0.304041
0.275350
0.213838
0.132522
0.041793
-0.058034
-0.160871
-0.247072
-0.302452
-0.337800
-0.375525
-0.418366
-0.445997
-0.445547
-0.429704
-0.412082
-0.377896
-0.298629
-0.174271
-0.040887
0.069013
0.157057
0.240778
0.321141
0.387953
0.448834
0.526512
0.618450
0.680691
0.670751
0.597813
0.511242
0.443644
0.385236
0.315051
0.234061
0.153876
0.069538
-0.034313
-0.152302
-0.253840
-0.316111
-0.348020
-0.371023
-0.387204
-0.381366
-0.350276
-0.312328
-0.283074
-0.254723
-0.208478
-0.139746
-0.060913
0.016083
0.088351
0.152236
0.196526
0.213943
0.214271
0.217058
0.230476
0.243764
0.241261
0.218103
0.179499
0.130801
0.074946
0.017703
-0.031676
-0.068192
-0.096200
-0.123877
-0.153956
-0.182650
-0.206282
-0.224732
-0.237298
-0.239113
-0.225270
-0.197546
-0.164377
-0.133781
-0.107923
-0.084542
-0.061046
-0.035418
-0.004904
0.032397
0.073407
0.109692
0.133516
0.143937
0.146018
0.145190
0.143850
0.142595
0.141647
0.139507
0.131512
0.112557
0.082253
0.046337
0.012108
-0.016850
-0.040859
-0.061116
-0.078730
-0.096123
-0.116332
-0.139348
-0.160373
-0.173217
-0.175335
-0.168569
-0.155493
-0.137024
-0.114560
-0.092169
-0.073653
-0.057536
-0.037592
-0.009492
0.024772
0.059652
0.090932
0.115892
0.130883
0.133064
0.125701
0.118047
0.116510
0.117187
0.110070
0.090245
0.061515
0.029225
-0.005648
-0.042587
-0.075986
-0.099169
-0.112932
-0.124902
-0.138880
-0.149726
-0.151582
-0.146879
-0.141488
-0.133092
-0.111656
-0.073204
-0.027506
0.012052
0.042079
0.068081
0.093060
0.114744
0.133869
0.156985
0.185853
0.209060
0.211604
0.192059
0.164321
0.141407
0.123470
0.103628
0.079846
0.055369
0.030562
0.001466
-0.032324
-0.063591
-0.084818
-0.096376
-0.103996
-0.109655
-0.109722
-0.102191
-0.091337
-0.082581
-0.075530
-0.065153
-0.048494
-0.027623
-0.006093
0.014292
0.032440
0.045825
0.052242
0.053239
0.053632
0.056710
0.060896
0.062089
0.057949
0.049231
0.037644
0.024338
0.010474
-0.002094
-0.011858
-0.019144
-0.025668
-0.032603
-0.039504
-0.045348
-0.049785
-0.052872
-0.053929
-0.051758
-0.046124
-0.038505
-0.030991
-0.024671
-0.019304
-0.014147
-0.008646
-0.002307
0.005281
0.013814
0.021797
0.027376
0.029833
0.030040
0.029430
0.028831
0.028364
0.027882
0.027095
0.025327
0.021725
0.016043
0.009159
0.002513
-0.003003
-0.007431
-0.011173
-0.014455
-0.017492
-0.020679
-0.024205
-0.027549
-0.029723
-0.030102
-0.028850
-0.026509
-0.023397
-0.019670
-0.015792
-0.012442
-0.009709
-0.006741
-0.002612
0.002646
0.008121
0.012954
0.016716
0.019073
0.019685
0.018832
0.017699
0.017394
0.017661
0.017043
0.014516
0.010495
0.006039
0.001557
-0.003075
-0.007486
-0.010790
-0.012741
-0.014190
-0.015905
-0.017476
-0.017977
-0.017420
-0.016656
-0.015827
-0.013796
-0.009663
-0.004256
0.000598
0.004038
0.006679
0.009242
0.011648
0.013735
0.016061
0.019053
0.021759
0.022399
0.020389
0.017133
0.014414
0.012595
0.010811
0.008493
0.005912
0.003344
0.000507
-0.002792
-0.005977
-0.008208
-0.009365
-0.010045
-0.010619
-0.010785
-0.010200
-0.009153
-0.008254
-0.007647
-0.006866
-0.005487
-0.003594
-0.001565
0.000342
0.002043
0.003374
0.004110
0.004273
0.004274
0.004514
0.004961
0.005225
0.004985
0.004273
0.003315
0.002278
0.001221
0.000223
-0.000594
-0.001192
-0.001676
-0.002175
-0.002675
-0.003054
-0.003255
-0.003331
-0.003318
-0.003149
-0.002742
-0.002137
-0.001495
-0.000955
-0.000530
-0.000155
0.000214
0.000582
0.000958
0.001349
0.001705
0.001921
0.001932
0.001786
0.001592
0.001414
0.001244
0.001052
0.000831
0.000596
0.000347
0.000077
-0.000206
-0.000466
-0.000670
-0.000813
-0.000912
-0.000974
-0.000995
-0.000984
-0.000962
-0.000944
-0.000917
-0.000860
-0.000764
-0.000643
-0.000524
-0.000420
-0.000323
-0.000228
-0.000141
-0.000071
-0.000012
0.000045
0.000102
0.000156
0.000205
0.000244
0.000269
0.000282
0.000286
0.000283
0.000277
0.000269
0.000257
0.000237
0.000212
0.000184
0.000155
0.000123
0.000091
0.000063
0.000041
0.000025
0.000015
0.000009
0.000004
0.000000
