5.080051
4.967913
4.729706
7.497582
8.068468
7.191808
5.261945
7.687913
8.103316
6.989075
5.499471
7.546257
7.835234
6.519693
6.050045
7.805836
7.900226
6.074060
7.184404
8.876712
8.882180
7.240177
8.008229
9.359442
9.174984
7.448376
6.560471
7.977695
7.711236
6.305699
7.326276
8.301731
7.781087
6.000895
7.790116
8.632584
7.994202
5.353513
7.208810
7.835516
6.924549
4.887982
5.905531
6.686358
5.543302
4.271734
5.584313
5.914723
4.506988
4.376101
5.439938
5.796338
3.908401
4.306181
5.340599
5.329335
3.717669
4.095213
5.412289
5.219177
3.798266
4.347571
5.233467
4.665949
3.733509
3.457604
5.097584
4.320845
3.580144
4.262783
5.187851
4.136894
3.735340
3.982946
5.291926
4.158923
3.751530
5.243379
5.840531
4.935195
3.566177
5.715637
6.175786
4.896632
4.795512
6.883097
7.147767
6.123695
5.346416
6.806735
6.854165
5.296014
5.196810
6.296782
6.265951
5.005990
5.151054
6.155878
5.848855
3.941229
5.375066
6.314417
5.899645
4.783302
5.686192
6.572159
6.006518
4.738395
6.133586
6.841563
6.111004
4.997543
6.135124
6.756802
6.000220
4.724859
6.143113
6.475183
5.253799
4.518442
6.004966
6.310138
5.312789
4.613990
6.229036
6.330699
5.098562
3.989893
6.006133
5.866847
4.384411
3.806420
5.301268
4.944261
2.795072
4.229323
5.275152
4.629673
3.986150
3.754509
5.022942
4.382447
3.345651
5.089637
5.491407
4.578575
4.625981
4.698570
4.838127
3.998744
3.099927
5.343941
5.474737
4.481252
4.711710
2.544860
5.043259
3.627896
3.795333
4.628091
4.788102
2.794330
2.959321
2.728549
3.691504
2.163614
3.093878
4.031359
3.943684
0.801609
2.865983
3.645516
3.514998
1.780655
3.485470
4.397676
3.344019
1.780830
3.559169
4.334736
3.612621
2.945293
3.460819
3.997288
3.338990
1.733339
3.750476
4.011456
3.751132
1.897222
3.806943
3.848973
3.516716
2.847753
3.812590
4.027097
3.567028
3.320148
3.783449
4.091389
3.147718
3.621555
3.884820
4.150966
3.225055
3.686057
3.766940
3.738933
3.217194
3.368390
3.897113
3.475775
3.500632
2.560224
3.219080
2.354011
3.117883
2.694344
3.377353
3.166978
3.353100
3.410961
3.821320
3.676905
2.742344
3.296130
3.757222
2.962454
2.345802
3.757322
4.163219
2.707877
3.442422
4.474719
4.727761
3.687124
3.758952
4.714969
4.713336
3.879598
2.584904
4.137022
4.324015
3.632738
3.425709
3.711086
3.768423
2.570713
2.579845
1.443321
2.667388
2.332747
2.422438
2.266321
2.340070
2.317032
2.308193
2.317032
2.340070
2.266321
2.422438
2.332747
2.667388
1.443321
2.579845
2.570713
3.768423
3.711086
3.425709
3.632738
4.324015
4.137022
2.584904
3.879598
4.713336
4.714969
3.758952
3.687124
4.727761
4.474719
3.442422
2.707877
4.163219
3.757322
2.345802
2.962454
3.757222
3.296130
2.742344
3.676905
3.821320
3.410961
3.353100
3.166978
3.377353
2.694344
3.117883
2.354011
3.219080
2.560224
3.500632
3.475775
3.897113
3.368390
3.217194
3.738933
3.766940
3.686057
3.225055
4.150966
3.884820
3.621555
3.147718
4.091389
3.783449
3.320148
3.567028
4.027097
3.812590
2.847753
3.516716
3.848973
3.806943
1.897222
3.751132
4.011456
3.750476
1.733339
3.338990
3.997288
3.460819
2.945293
3.612621
4.334736
3.559169
1.780830
3.344019
4.397676
3.485470
1.780655
3.514998
3.645516
2.865983
0.801609
3.943684
4.031359
3.093878
2.163614
3.691504
2.728549
2.959321
2.794330
4.788102
4.628091
3.795333
3.627896
5.043259
2.544860
4.711710
4.481252
5.474737
5.343941
3.099927
3.998744
4.838127
4.698570
4.625981
4.578575
5.491407
5.089637
3.345651
4.382447
5.022942
3.754509
3.986150
4.629673
5.275152
4.229323
2.795072
4.944261
5.301268
3.806420
4.384411
5.866847
6.006133
3.989893
5.098562
6.330699
6.229036
4.613990
5.312789
6.310138
6.004966
4.518442
5.253799
6.475183
6.143113
4.724859
6.000220
6.756802
6.135124
4.997543
6.111004
6.841563
6.133586
4.738395
6.006518
6.572159
5.686192
4.783302
5.899645
6.314417
5.375066
3.941229
5.848855
6.155878
5.151054
5.005990
6.265951
6.296782
5.196810
5.296014
6.854165
6.806735
5.346416
6.123695
7.147767
6.883097
4.795512
4.896632
6.175786
5.715637
3.566177
4.935195
5.840531
5.243379
3.751530
4.158923
5.291926
3.982946
3.735340
4.136894
5.187851
4.262783
3.580144
4.320845
5.097584
3.457604
3.733509
4.665949
5.233467
4.347571
3.798266
5.219177
5.412289
4.095213
3.717669
5.329335
5.340599
4.306181
3.908401
5.796338
5.439938
4.376101
4.506988
5.914723
5.584313
4.271734
5.543302
6.686358
5.905531
4.887982
6.924549
7.835516
7.208810
5.353513
7.994202
8.632584
7.790116
6.000895
7.781087
8.301731
7.326276
6.305699
7.711236
7.977695
6.560471
7.448376
9.174984
9.359442
8.008229
7.240177
8.882180
8.876712
7.184404
6.074060
7.900226
7.805836
6.050045
6.519693
7.835234
7.546257
5.499471
6.989075
8.103316
7.687913
5.261945
7.191808
8.068468
7.497582
4.729706
4.967913
