17980509025.676586
3270622083.314329
18823.347967
122130.311572
55462.249455
168328.341353
20918.711207
15276.100144
37931.508209
29443.978184
47277.161184
47041.842962
204927.243091
231239.996552
77793.253645
45637.452135
110528.719525
112546.779109
166238.426446
106059.502028
163860.760465
228137.164726
266730.660724
127405.573543
1762.890028
749.676504
69699.806946
176454.045261
142821.060777
6185.475551
174857.888351
203139.642503
174686.869296
72284.138073
170403.891836
263787.836028
278804.933839
327713.675678
303812.307712
121243.049827
70273.040247
64311.245025
218672.056051
78797.614215
90380.019996
201367.222520
87697.987716
152315.222899
173240.572415
131213.031086
19020.214268
17758.707862
88694.723927
274354.964218
475007.253936
271330.311915
46981.852517
44742.782327
45462.450273
30832.397109
43138.345978
7987.337574
27068.104155
243315.789935
104455.322200
4290.641096
81201.240433
18064.506923
82854.293301
109822.294727
92783.947617
380536.056208
145578.238129
67218.464475
22225.824027
193395.808504
343242.125276
186555.442710
147942.842903
177109.906175
159050.421715
40620.316176
23751.323512
1802.619460
42465.687644
139015.795861
158775.773614
40549.408210
70766.015128
86330.687451
117453.247309
238994.716954
38766.352884
48082.361190
357564.695572
15189.799660
38463.915340
100369.251592
445805.275915
224725.087524
141432.323859
19744627.279543
615970638.917471
441750830.498886
3862822.061623
225986.759717
653744.083295
156159.821180
13129.738494
103736.198171
51249.887696
9638.506791
20377.138322
87713.138205
87947.014847
752050.024349
23187.246560
1905.925680
115864.429579
44059.618267
108971.364015
50689.315928
131621.391281
160246.031689
162065.732277
123298.487275
117372.705566
96172.778322
24876.609932
142395.586578
516408.576704
192345.100303
33770.252005
2913.624620
8059.517237
143084.010063
103296.466593
123246.168828
31044.536135
114141.492047
148996.624110
220838.534370
108878.296018
96438.310607
171312.210174
197698.289255
184434.296654
125441.456927
98835.447312
3063.170323
420056.934753
805129.304946
326306.912868
106102.720203
40690.320821
315142.067769
325159.649226
165573.948534
67099.427214
46846.816874
81612.700780
67825.511252
88037.510877
96492.609588
23976.838360
121769.615134
512158.690775
210845.219493
578405.544901
780574.568836
123176.339077
7947.659528
15675.569065
49154.467797
97920.716140
81386.397164
41284.746694
9994.673336
101932.064214
147856.568789
174951.552788
127564.277380
52324.455075
539520.854962
246524.329006
162235.935066
30314.801107
53092.976542
22744.375193
20694.910058
87367.490786
98314.928962
435414.076728
206385.397714
128207.986336
21152.898474
284791.120149
109853.086893
9731.460864
57880.942409
226559.760203
262248.341603
261138.698351
823021.060220
195490290.825629
518789707.003787
43911963.044309
92173.955478
242996.776996
94730.668509
63610.084353
18477.119657
4819.934915
58385.029794
53154.865657
10189.899481
5790.160191
133098.236140
115059.096067
104040.626773
12166.158748
13345.944574
137727.741781
156516.589331
7435.875176
37732.946704
49211.279859
97534.171863
47809.625665
32753.539306
1366.081240
15460.855394
307575.322770
311728.896660
138027.781250
109089.244141
101774.517674
13277.804001
70096.598214
79427.606164
202481.229180
867006.953108
320123.842776
40067.343065
34781.162570
8537.708862
58353.538500
260745.728401
267802.635119
237440.845473
307635.025553
35997.444098
295317.452385
582793.866393
218332.242496
1617.689458
116662.310303
1617.689458
218332.242496
582793.866393
295317.452385
35997.444098
307635.025553
237440.845473
267802.635119
260745.728401
58353.538500
8537.708862
34781.162570
40067.343065
320123.842776
867006.953108
202481.229180
79427.606164
70096.598214
13277.804001
101774.517674
109089.244141
138027.781250
311728.896660
307575.322770
15460.855394
1366.081240
32753.539306
47809.625665
97534.171863
49211.279859
37732.946704
7435.875176
156516.589331
137727.741781
13345.944574
12166.158748
104040.626773
115059.096067
133098.236140
5790.160191
10189.899481
53154.865657
58385.029794
4819.934915
18477.119657
63610.084353
94730.668509
242996.776996
92173.955478
43911963.044309
518789707.003787
195490290.825629
823021.060220
261138.698351
262248.341603
226559.760203
57880.942409
9731.460864
109853.086893
284791.120149
21152.898474
128207.986336
206385.397714
435414.076728
98314.928962
87367.490786
20694.910058
22744.375193
53092.976542
30314.801107
162235.935066
246524.329006
539520.854962
52324.455075
127564.277380
174951.552788
147856.568789
101932.064214
9994.673336
41284.746694
81386.397164
97920.716140
49154.467797
15675.569065
7947.659528
123176.339077
780574.568836
578405.544901
210845.219493
512158.690775
121769.615134
23976.838360
96492.609588
88037.510877
67825.511252
81612.700780
46846.816874
67099.427214
165573.948534
325159.649226
315142.067769
40690.320821
106102.720203
326306.912868
805129.304946
420056.934753
3063.170323
98835.447312
125441.456927
184434.296654
197698.289255
171312.210174
96438.310607
108878.296018
220838.534370
148996.624110
114141.492047
31044.536135
123246.168828
103296.466593
143084.010063
8059.517237
2913.624620
33770.252005
192345.100303
516408.576704
142395.586578
24876.609932
96172.778322
117372.705566
123298.487275
162065.732277
160246.031689
131621.391281
50689.315928
108971.364015
44059.618267
115864.429579
1905.925680
23187.246560
752050.024349
87947.014847
87713.138205
20377.138322
9638.506791
51249.887696
103736.198171
13129.738494
156159.821180
653744.083295
225986.759717
3862822.061623
441750830.498886
615970638.917471
19744627.279543
141432.323859
224725.087524
445805.275915
100369.251592
38463.915340
15189.799660
357564.695572
48082.361190
38766.352884
238994.716954
117453.247309
86330.687451
70766.015128
40549.408210
158775.773614
139015.795861
42465.687644
1802.619460
23751.323512
40620.316176
159050.421715
177109.906175
147942.842903
186555.442710
343242.125276
193395.808504
22225.824027
67218.464475
145578.238129
380536.056208
92783.947617
109822.294727
82854.293301
18064.506923
81201.240433
4290.641096
104455.322200
243315.789935
27068.104155
7987.337574
43138.345978
30832.397109
45462.450273
44742.782327
46981.852517
271330.311915
475007.253936
274354.964218
88694.723927
17758.707862
19020.214268
131213.031086
173240.572415
152315.222899
87697.987716
201367.222520
90380.019996
78797.614215
218672.056051
64311.245025
70273.040247
121243.049827
303812.307712
327713.675678
278804.933839
263787.836028
170403.891836
72284.138073
174686.869296
203139.642503
174857.888351
6185.475551
142821.060777
176454.045261
69699.806946
749.676504
1762.890028
127405.573543
266730.660724
228137.164726
163860.760465
106059.502028
166238.426446
112546.779109
110528.719525
45637.452135
77793.253645
231239.996552
204927.243091
47041.842962
47277.161184
29443.978184
37931.508209
15276.100144
20918.711207
168328.341353
55462.249455
122130.311572
18823.347967
3270622083.314329
