946.320000
1151.220173
988.595767
1011.701905
207.271258
956.519223
1127.848889
1196.701491
1077.541544
213.079813
987.318053
1082.405880
1201.620622
1191.107956
223.333186
1038.783521
1301.460417
1226.246316
1172.732416
237.992636
1110.307300
1321.308080
1293.058464
1414.145526
257.002771
1201.588392
1512.520992
1512.118867
1539.002184
280.291762
1312.341168
1567.962926
1685.923176
1598.325959
307.771611
1442.718125
1789.182330
1857.081259
1694.551646
339.338484
1591.696339
1692.961446
1834.834262
1981.229360
374.873106
1758.383077
2182.546807
1909.771750
2149.965901
414.241209
1942.668466
2453.162982
2284.321209
2195.625760
457.294039
2144.260443
2469.958534
2422.063756
2714.988527
503.868921
2361.561790
2667.479498
2664.670974
2822.936989
553.789872
2593.860629
2813.411469
3157.458634
3037.493945
606.868263
2840.696044
3328.268801
3069.127335
3448.511693
662.903537
3101.197881
3291.566241
3902.625447
3827.185446
721.683965
3373.881619
3578.828253
3785.880201
4154.844529
782.987444
3657.647860
4437.519163
3936.928112
3998.997289
846.582337
3952.350773
4878.535133
4600.475314
4667.675885
912.228350
4256.310165
5158.874946
5232.258507
4824.270251
979.677440
4567.994947
5633.212576
4997.006516
4964.292716
1048.674747
4886.148487
5591.209961
5337.814066
6069.382694
1118.959566
5210.806062
5500.976940
5804.127533
6691.821378
1190.266323
5539.971703
6452.298573
6408.749198
6233.028041
1262.325586
5871.908110
7090.852942
7431.896396
6859.773347
1334.865076
6204.752556
7084.291082
7024.858737
7514.285209
1407.610704
6538.731941
7748.603472
7535.407002
7177.321299
1480.287597
6873.247939
8292.521150
8219.229356
8145.319687
1552.621146
7205.380492
7743.498858
7968.790432
8682.293601
1624.338037
7533.790519
7926.075470
8990.437026
9571.014108
1695.167286
7859.145225
8606.575725
8678.209817
9445.118531
1764.841265
8178.998406
8595.234418
9917.104977
8906.919509
1833.096709
8490.707159
10402.817775
8981.899573
10364.419620
1899.675714
8794.421458
9232.972580
10838.109100
10334.255844
1964.326710
9090.529845
11325.906774
9798.024155
10861.674281
2026.805413
9376.478546
10450.985644
10919.547290
10780.984847
2086.875745
9649.556091
12013.992568
10597.615842
10651.132452
2144.310730
9909.429615
11467.366641
11525.157010
11145.184052
2198.893349
10159.344723
10644.731326
12474.488433
10742.092800
2250.417361
10393.337098
11568.557795
12068.757325
12343.374441
2298.688082
10611.301060
11578.016638
12312.588657
13288.529563
2343.523119
10812.358190
13203.145534
13484.029223
11875.702075
2384.753064
10999.418325
11515.923846
12745.906035
11821.757020
2422.222127
11169.082862
13624.497316
12446.800302
13697.757096
2455.788733
11318.796024
12820.082871
12602.699518
12382.348672
2485.326048
11449.852918
13707.073399
13733.999191
13014.924691
2510.722465
11563.714640
14090.927652
12858.026433
12875.767588
2531.882025
11657.050534
12435.179431
13964.536808
12966.967708
2548.724775
11729.484285
12251.012662
14553.394902
14313.957382
2561.187074
11782.717296
14086.703236
12566.377962
12567.387529
2569.221834
11816.561911
13098.772237
14642.760888
14383.873476
2572.798694
11828.897167
14646.872669
13108.974304
14383.873476
2571.904141
11818.674035
12332.019342
13348.370568
12567.387529
2566.541554
11790.922502
12291.760967
12540.161196
12531.674751
2556.731195
11742.746032
13251.699230
13487.538489
14493.599111
2542.510133
11673.338425
12664.194472
12903.446947
13380.776709
2523.932104
11582.000232
12316.446086
13543.069218
14264.505502
2501.067303
11473.974817
14171.951869
12415.039134
12630.034196
2474.002126
11346.708588
12052.714069
12264.626978
13944.314820
2442.838839
11199.734451
11890.399794
11862.581044
13267.212026
2407.695193
11032.712136
13619.788673
11915.423780
12819.772355
2368.703980
10850.945343
12215.551446
12408.012224
11432.817807
2326.012527
10652.279599
11755.850523
11938.347779
12575.596796
2279.782145
10435.700244
12191.592616
12808.924311
12750.847610
2230.187517
10203.861031
11258.487758
11638.837357
12450.629113
2177.416035
9958.480451
11409.792151
11566.610424
11075.586049
2121.667099
9701.243640
11940.622194
11049.167614
10780.984847
2063.151357
9429.005202
10184.003194
11330.574837
10663.591416
2002.089910
9145.319821
11056.008278
9613.214899
10136.293218
1938.713481
8852.756135
10313.930964
10432.342729
9613.629743
1873.261539
8550.825617
10323.626277
10252.660219
8908.333867
1805.981393
8239.276497
9058.973471
9870.216016
9098.046663
1737.127265
7920.782126
8709.428877
8636.590734
8062.414779
1666.959319
7597.187340
9166.005659
9243.512451
8682.919352
1595.742687
7270.247480
8917.351126
8834.794481
8294.177272
1523.746461
6938.101448
7910.828940
8427.226087
7466.145960
1451.242681
6603.929759
7529.767137
7449.450040
6680.507616
1378.505303
6270.583598
7007.683514
6799.874293
7516.090680
1305.809166
5936.563058
6633.623562
6680.071969
6108.386880
1233.428954
5603.773223
6139.241862
5827.355178
6227.022693
1161.638157
5273.999211
6111.422898
5478.683486
6069.382694
1090.708036
4949.739757
5203.328949
5655.833450
5682.956933
1020.906604
4630.413061
5454.800592
5381.181988
5211.368285
952.497604
4316.579857
5269.306228
4920.289564
4489.843024
885.739523
4011.353045
4893.084420
4481.654883
4163.273065
820.884605
3715.731292
4449.777515
3754.870607
4233.605096
758.177908
3429.819122
3810.196290
3964.633833
3898.626241
697.856368
3154.506532
3368.040874
3574.732445
3449.777667
640.147911
2891.457965
3208.809910
3152.507268
3213.540265
585.270590
2642.109842
2706.560913
3042.077748
2877.017052
533.431760
2406.671938
2719.458864
2466.666511
2616.824009
484.827295
2186.093491
2653.728459
2193.518473
2328.419381
439.640846
1981.594163
2404.481276
2316.724056
1947.010888
398.043152
1793.894860
2176.352072
2059.252423
1835.989667
360.191391
1623.387688
1866.395792
1931.446600
1628.864333
326.228585
1470.760096
1504.299788
1751.774288
1448.702934
296.283064
1336.848310
1510.706711
1343.940720
1429.975264
270.467977
1222.124399
1382.979387
1437.237807
1414.243799
248.880867
1126.712318
1254.444556
1331.204826
1242.516198
231.603301
1051.104367
1173.822744
1115.277150
1257.223378
218.700563
996.015493
1179.556257
1022.004651
1141.100461
210.221406
961.202533
1018.545791
1076.553865
1134.741305
206.197869
946.731328
1171.840000
