10.254802
9.514630
4.274697
5.086823
4.743997
5.226157
4.320535
4.184012
4.579000
4.468996
4.674651
4.672484
5.311600
5.364063
4.890942
4.659321
5.043475
5.051333
5.220731
5.025550
5.214475
5.358196
5.426073
5.105188
3.246225
2.874874
4.843232
5.246632
5.154792
3.791373
5.242685
5.307795
5.242260
4.859043
5.231480
5.421255
5.445300
5.515495
5.482605
5.083657
4.846789
4.808287
5.339793
4.896513
4.956072
5.303989
4.942990
5.182743
5.238650
5.117977
4.279215
4.249411
4.947898
5.438313
5.676700
5.433498
4.671930
4.650723
4.657653
4.489007
4.634863
3.902402
4.432458
5.386170
5.018931
3.632522
4.909563
4.256826
4.918315
5.040691
4.967473
5.580396
5.163096
4.827489
4.346858
5.286447
5.535601
5.270808
5.170094
5.248243
5.201535
4.608743
4.375688
3.255904
4.628038
5.143064
5.200784
4.607985
4.849825
4.936165
5.069865
5.378388
4.588455
4.681986
5.553355
4.181552
4.585053
5.001601
5.649145
5.351652
5.150549
7.295449
8.789560
8.645177
6.586905
5.354083
5.815408
5.193569
4.118256
5.015930
4.709693
3.984010
4.309143
4.943065
4.944221
5.876247
4.365249
3.280106
5.063950
4.644041
5.037312
4.704916
5.119326
5.204787
5.209691
5.090958
5.069567
4.983052
4.395791
5.153497
5.712993
5.284081
4.528534
3.464434
3.906309
5.155591
5.014085
5.090773
4.491985
5.057444
5.173176
5.344075
5.036941
4.984250
5.233788
5.296003
5.265842
5.098441
4.994913
3.486171
5.623308
5.905866
5.513626
5.025727
4.609491
5.498506
5.512097
5.218992
4.826719
4.670680
4.911758
4.831393
4.944668
4.984494
4.379792
5.085539
5.709405
5.323964
5.762232
5.892414
5.090527
3.900239
4.195223
4.691563
4.990875
4.910552
4.615790
3.999769
5.008311
5.169841
5.242918
5.105729
4.718705
5.732008
5.391860
5.210147
4.481655
4.725037
4.356874
4.315864
4.941350
4.992619
5.638902
5.314679
5.107915
4.325370
5.454526
5.040812
3.988178
4.762536
5.355183
5.418713
5.416871
5.915411
8.291125
8.714991
7.642583
4.964608
5.385601
4.976491
4.803526
4.266634
3.683041
4.766302
4.725543
4.008170
3.762691
5.124172
5.060921
5.017203
4.085153
4.125349
5.139021
5.194560
3.871332
4.576721
4.692065
4.989157
4.679515
4.515258
3.135477
4.189234
5.487951
5.493777
5.139967
5.037782
5.007639
4.123126
4.845697
4.899971
5.306385
5.938023
5.505318
4.602791
4.541344
3.931341
4.766067
5.416217
5.427815
5.375555
5.488036
4.556272
5.470289
5.765515
5.339118
3.208895
5.066931
3.208895
5.339118
5.765515
5.470289
4.556272
5.488036
5.375555
5.427815
5.416217
4.766067
3.931341
4.541344
4.602791
5.505318
5.938023
5.306385
4.899971
4.845697
4.123126
5.007639
5.037782
5.139967
5.493777
5.487951
4.189234
3.135477
4.515258
4.679515
4.989157
4.692065
4.576721
3.871332
5.194560
5.139021
4.125349
4.085153
5.017203
5.060921
5.124172
3.762691
4.008170
4.725543
4.766302
3.683041
4.266634
4.803526
4.976491
5.385601
4.964608
7.642583
8.714991
8.291125
5.915411
5.416871
5.418713
5.355183
4.762536
3.988178
5.040812
5.454526
4.325370
5.107915
5.314679
5.638902
4.992619
4.941350
4.315864
4.356874
4.725037
4.481655
5.210147
5.391860
5.732008
4.718705
5.105729
5.242918
5.169841
5.008311
3.999769
4.615790
4.910552
4.990875
4.691563
4.195223
3.900239
5.090527
5.892414
5.762232
5.323964
5.709405
5.085539
4.379792
4.984494
4.944668
4.831393
4.911758
4.670680
4.826719
5.218992
5.512097
5.498506
4.609491
5.025727
5.513626
5.905866
5.623308
3.486171
4.994913
5.098441
5.265842
5.296003
5.233788
4.984250
5.036941
5.344075
5.173176
5.057444
4.491985
5.090773
5.014085
5.155591
3.906309
3.464434
4.528534
5.284081
5.712993
5.153497
4.395791
4.983052
5.069567
5.090958
5.209691
5.204787
5.119326
4.704916
5.037312
4.644041
5.063950
3.280106
4.365249
5.876247
4.944221
4.943065
4.309143
3.984010
4.709693
5.015930
4.118256
5.193569
5.815408
5.354083
6.586905
8.645177
8.789560
7.295449
5.150549
5.351652
5.649145
5.001601
4.585053
4.181552
5.553355
4.681986
4.588455
5.378388
5.069865
4.936165
4.849825
4.607985
5.200784
5.143064
4.628038
3.255904
4.375688
4.608743
5.201535
5.248243
5.170094
5.270808
5.535601
5.286447
4.346858
4.827489
5.163096
5.580396
4.967473
5.040691
4.918315
4.256826
4.909563
3.632522
5.018931
5.386170
4.432458
3.902402
4.634863
4.489007
4.657653
4.650723
4.671930
5.433498
5.676700
5.438313
4.947898
4.249411
4.279215
5.117977
5.238650
5.182743
4.942990
5.303989
4.956072
4.896513
5.339793
4.808287
4.846789
5.083657
5.482605
5.515495
5.445300
5.421255
5.231480
4.859043
5.242260
5.307795
5.242685
3.791373
5.154792
5.246632
4.843232
2.874874
3.246225
5.105188
5.426073
5.358196
5.214475
5.025550
5.220731
5.051333
5.043475
4.659321
4.890942
5.364063
5.311600
4.672484
4.674651
4.468996
4.579000
4.184012
4.320535
5.226157
4.743997
5.086823
4.274697
9.514630
