3.770819
3.777767
3.798401
3.832100
3.877853
3.934298
3.999763
4.072335
4.149923
4.230337
4.311366
4.390860
4.466808
4.537411
4.601143
4.656801
4.703546
4.740912
4.768812
4.787517
4.797617
4.799971
4.795637
4.785801
4.771689
4.754495
4.735300
4.715009
4.694298
4.673584
4.653013
4.632461
4.611573
4.589800
4.566469
4.540848
4.512231
4.480005
4.443727
4.403178
4.358403
4.309728
4.257762
4.203369
4.147621
4.091737
4.037002
3.984686
3.935957
3.891800
3.852951
3.819845
3.792587
3.770943
3.754365
3.742028
3.732894
3.725793
3.719509
3.712871
3.704846
3.694611
3.681619
3.665639
3.646772
3.625444
3.602375
3.578525
3.555021
3.533081
3.513918
3.498663
3.488279
3.483503
3.484798
3.492327
3.505950
3.525247
3.549549
3.577997
3.609601
3.643309
3.678071
3.712894
3.746893
3.779319
3.809572
3.837198
3.861870
3.883359
3.901493
3.916116
3.927054
3.934082
3.936906
3.935166
3.928452
3.916334
3.898415
3.874389
3.844103
3.807628
3.765309
3.717813
3.666147
3.611654
3.555989
3.501052
3.448912
3.401691
3.361450
3.330055
3.309050
3.299541
3.302098
3.316692
3.342660
3.378713
3.422987
3.473131
3.526426
3.579939
3.630690
3.675823
3.712781
3.739457
3.754320
3.756506
3.745861
3.722951
3.689009
3.645852
3.595757
3.541306
3.485221
3.430184
3.378677
3.332829
3.294299
3.264189
3.243011
3.230679
3.226559
3.229550
3.238190
3.250794
3.265587
3.280853
3.295052
3.306936
3.315616
3.320613
3.321857
3.319665
3.314676
3.307765
3.299948
3.292264
3.285676
3.280969
3.278679
3.279043
3.281978
3.287095
3.293737
3.301051
3.308067
3.313799
3.317341
3.317960
3.315172
3.308796
3.298984
3.286212
3.271254
3.255120
3.238975
3.224037
3.211482
3.202334
3.197378
3.197085
3.201567
3.210556
3.223421
3.239206
3.256707
3.274555
3.291331
3.305669
3.316370
3.322488
3.323413
3.318910
3.309143
3.294657
3.276336
3.255326
3.232953
3.210607
3.189642
3.171267
3.156455
3.145871
3.139831
3.138284
3.140828
3.146752
3.155111
3.164806
3.174687
3.183655
3.190756
3.195263
3.196737
3.195064
3.190459
3.183448
3.174816
3.165540
3.156696
3.149374
3.144570
3.143107
3.145559
3.152195
3.162960
3.177469
3.195040
3.214742
3.235472
3.256040
3.275261
3.292045
3.305484
3.314913
3.319958
3.320560
3.316964
3.309695
3.299505
3.287302
3.274074
3.260807
3.248402
3.237608
3.228968
3.222789
3.219127
3.217804
3.218440
3.220505
3.223383
3.226441
3.229100
3.230895
3.231528
3.230895
3.229100
3.226441
3.223383
3.220505
3.218440
3.217804
3.219127
3.222789
3.228968
3.237608
3.248402
3.260807
3.274074
3.287302
3.299505
3.309695
3.316964
3.320560
3.319958
3.314913
3.305484
3.292045
3.275261
3.256040
3.235472
3.214742
3.195040
3.177469
3.162960
3.152195
3.145559
3.143107
3.144570
3.149374
3.156696
3.165540
3.174816
3.183448
3.190459
3.195064
3.196737
3.195263
3.190756
3.183655
3.174687
3.164806
3.155111
3.146752
3.140828
3.138284
3.139831
3.145871
3.156455
3.171267
3.189642
3.210607
3.232953
3.255326
3.276336
3.294657
3.309143
3.318910
3.323413
3.322488
3.316370
3.305669
3.291331
3.274555
3.256707
3.239206
3.223421
3.210556
3.201567
3.197085
3.197378
3.202334
3.211482
3.224037
3.238975
3.255120
3.271254
3.286212
3.298984
3.308796
3.315172
3.317960
3.317341
3.313799
3.308067
3.301051
3.293737
3.287095
3.281978
3.279043
3.278679
3.280969
3.285676
3.292264
3.299948
3.307765
3.314676
3.319665
3.321857
3.320613
3.315616
3.306936
3.295052
3.280853
3.265587
3.250794
3.238190
3.229550
3.226559
3.230679
3.243011
3.264189
3.294299
3.332829
3.378677
3.430184
3.485221
3.541306
3.595757
3.645852
3.689009
3.722951
3.745861
3.756506
3.754320
3.739457
3.712781
3.675823
3.630690
3.579939
3.526426
3.473131
3.422987
3.378713
3.342660
3.316692
3.302098
3.299541
3.309050
3.330055
3.361450
3.401691
3.448912
3.501052
3.555989
3.611654
3.666147
3.717813
3.765309
3.807628
3.844103
3.874389
3.898415
3.916334
3.928452
3.935166
3.936906
3.934082
3.927054
3.916116
3.901493
3.883359
3.861870
3.837198
3.809572
3.779319
3.746893
3.712894
3.678071
3.643309
3.609601
3.577997
3.549549
3.525247
3.505950
3.492327
3.484798
3.483503
3.488279
3.498663
3.513918
3.533081
3.555021
3.578525
3.602375
3.625444
3.646772
3.665639
3.681619
3.694611
3.704846
3.712871
3.719509
3.725793
3.732894
3.742028
3.754365
3.770943
3.792587
3.819845
3.852951
3.891800
3.935957
3.984686
4.037002
4.091737
4.147621
4.203369
4.257762
4.309728
4.358403
4.403178
4.443727
4.480005
4.512231
4.540848
4.566469
4.589800
4.611573
4.632461
4.653013
4.673584
4.694298
4.715009
4.735300
4.754495
4.771689
4.785801
4.795637
4.799971
4.797617
4.787517
4.768812
4.740912
4.703546
4.656801
4.601143
4.537411
4.466808
4.390860
4.311366
4.230337
4.149923
4.072335
3.999763
3.934298
3.877853
3.832100
3.798401
3.777767
