1.000000
0.935617
0.813730
0.747555
0.769622
0.806355
0.788785
0.719378
0.634029
0.547621
0.455065
0.376188
0.335320
0.318173
0.267326
0.152547
0.012371
-0.084697
-0.119026
-0.133565
-0.179362
-0.260603
-0.345360
-0.407530
-0.448067
-0.478848
-0.503301
-0.519054
-0.530322
-0.549179
-0.578569
-0.601291
-0.595933
-0.563615
-0.530975
-0.519004
-0.519069
-0.506489
-0.472123
-0.430506
-0.395107
-0.362815
-0.323673
-0.280637
-0.244444
-0.216072
-0.182067
-0.134135
-0.082172
-0.043261
-0.018221
0.007867
0.045851
0.087853
0.120064
0.141334
0.161953
0.189585
0.218522
0.239907
0.250648
0.257799
0.269187
0.284492
0.297027
0.300608
0.297282
0.291369
0.285234
0.278832
0.271806
0.264736
0.253741
0.234691
0.207037
0.178562
0.158402
0.145969
0.128891
0.095049
0.049247
0.009608
-0.013602
-0.030827
-0.060033
-0.104251
-0.149685
-0.184853
-0.212335
-0.241453
-0.273044
-0.302639
-0.330431
-0.362730
-0.398492
-0.424922
-0.432857
-0.431628
-0.441080
-0.466107
-0.489510
-0.491606
-0.472364
-0.448370
-0.432604
-0.423099
-0.410168
-0.388556
-0.359866
-0.324269
-0.277235
-0.218183
-0.160643
-0.122809
-0.102730
-0.071073
-0.001427
0.094349
0.173492
0.211654
0.228505
0.261606
0.320138
0.385269
0.442317
0.494067
0.537887
0.553304
0.537769
0.527439
0.565204
0.634688
0.670606
0.633012
0.559287
0.516905
0.524217
0.541570
0.527443
0.481913
0.425239
0.367628
0.309317
0.260640
0.232744
0.215118
0.177572
0.106621
0.024842
-0.032531
-0.056818
-0.071010
-0.100351
-0.147466
-0.196600
-0.234389
-0.259210
-0.276139
-0.288777
-0.298382
-0.307222
-0.318539
-0.332012
-0.340655
-0.336661
-0.321064
-0.304349
-0.295269
-0.290905
-0.281632
-0.263440
-0.241591
-0.221485
-0.202139
-0.179815
-0.155932
-0.135154
-0.118758
-0.101279
-0.078218
-0.051901
-0.029040
-0.012297
0.001982
0.017932
0.035417
0.051555
0.065294
0.078359
0.091638
0.103739
0.111986
0.116169
0.119488
0.125551
0.134627
0.141296
0.141613
0.136307
0.131324
0.129539
0.129389
0.127152
0.121619
0.114071
0.104807
0.093365
0.080903
0.071170
0.065389
0.058742
0.044767
0.024267
0.005467
-0.004967
-0.010949
-0.021150
-0.038949
-0.058483
-0.073644
-0.084636
-0.095550
-0.107673
-0.118849
-0.128797
-0.140058
-0.153185
-0.163655
-0.167051
-0.165884
-0.167372
-0.174481
-0.181839
-0.182129
-0.174833
-0.165806
-0.159859
-0.155548
-0.148744
-0.138310
-0.126811
-0.115424
-0.101265
-0.081679
-0.060228
-0.044381
-0.035804
-0.025779
-0.004813
0.024478
0.049359
0.062243
0.069607
0.081979
0.100325
0.117680
0.131188
0.145278
0.160062
0.167888
0.164241
0.159052
0.166025
0.183146
0.192949
0.183451
0.164243
0.152434
0.152576
0.153756
0.146734
0.133675
0.120089
0.106492
0.090426
0.074837
0.064673
0.058797
0.049496
0.032245
0.012185
-0.002462
-0.009605
-0.014655
-0.023027
-0.034527
-0.045250
-0.052858
-0.058464
-0.063717
-0.068327
-0.070945
-0.071687
-0.072604
-0.074991
-0.077416
-0.077127
-0.073584
-0.069247
-0.066625
-0.065087
-0.062321
-0.057585
-0.052730
-0.049013
-0.045230
-0.039806
-0.033407
-0.028379
-0.025174
-0.022081
-0.017423
-0.011907
-0.007155
-0.003584
-0.000290
0.003318
0.006632
0.009017
0.010984
0.013578
0.016939
0.019841
0.021251
0.021370
0.021407
0.022340
0.023946
0.025329
0.025730
0.025169
0.023973
0.022640
0.021665
0.021280
0.021244
0.020764
0.018900
0.015803
0.012799
0.011337
0.010999
0.010234
0.007894
0.004503
0.001412
-0.000705
-0.002092
-0.003556
-0.005398
-0.007641
-0.010152
-0.012739
-0.014890
-0.016145
-0.016804
-0.017825
-0.019729
-0.021827
-0.022981
-0.023008
-0.022740
-0.022892
-0.023306
-0.023394
-0.022955
-0.022222
-0.021383
-0.020371
-0.019039
-0.017552
-0.016003
-0.014577
-0.013142
-0.011517
-0.009486
-0.007106
-0.004835
-0.003100
-0.001863
-0.000387
0.001724
0.004074
0.005934
0.007192
0.008323
0.009555
0.010624
0.011453
0.012390
0.013599
0.014467
0.014444
0.013811
0.013554
0.014025
0.014571
0.014299
0.013202
0.012007
0.011292
0.010946
0.010458
0.009588
0.008416
0.007237
0.006223
0.005473
0.004818
0.004021
0.003009
0.001975
0.001182
0.000635
0.000173
-0.000307
-0.000810
-0.001338
-0.001898
-0.002379
-0.002628
-0.002615
-0.002566
-0.002713
-0.003041
-0.003299
-0.003274
-0.003026
-0.002765
-0.002639
-0.002599
-0.002534
-0.002430
-0.002280
-0.002070
-0.001752
-0.001427
-0.001248
-0.001235
-0.001248
-0.001088
-0.000787
-0.000505
-0.000392
-0.000391
-0.000377
-0.000304
-0.000216
-0.000134
-0.000013
0.000127
0.000187
0.000118
0.000025
0.000058
0.000225
0.000381
0.000397
0.000313
0.000257
0.000274
0.000318
0.000361
0.000415
0.000466
0.000446
0.000342
0.000244
0.000273
0.000404
0.000477
0.000408
0.000269
0.000210
0.000243
0.000289
0.000280
0.000252
0.000235
0.000201
0.000121
0.000047
0.000050
0.000109
0.000120
0.000035
-0.000078
-0.000129
-0.000116
-0.000107
-0.000129
-0.000157
-0.000158
-0.000155
-0.000173
-0.000198
-0.000192
-0.000142
-0.000077
-0.000040
-0.000051
-0.000088
-0.000095
-0.000044
0.000039
0.000077
0.000049
0.000001
-0.000012
0.000007
0.000019
0.000000
