1845.485324
278.234718
101.248776
39.290416
45.353190
14.445682
-19.232978
-65.665052
-65.871079
-63.415203
-48.003264
-4.673139
-6.194509
-22.804857
-54.105881
-11.998974
22.129498
2.739848
-28.682538
-16.267500
-3.721860
0.504362
-13.864132
-12.331956
18.060299
32.484760
22.178889
-7.144302
-10.112044
12.859471
-75.149936
44.114492
12.737388
13.829585
32.763312
15.252565
-3.992281
-17.570107
1.886082
10.349167
7.386462
14.539397
10.202857
10.965804
-3.024163
6.524476
12.291235
6.776781
3.367828
5.856321
-0.657653
0.240347
3.644173
8.356125
13.502086
10.529171
5.829807
-4.243307
-5.861427
2.087512
-15.217032
20.480077
6.633208
5.228066
8.105137
-3.014114
-6.909107
-8.865328
1.775765
3.840052
1.579369
4.384564
-0.782693
-0.840113
-6.540123
-0.383932
1.682465
-1.667386
-1.956195
-1.793203
-5.807220
-3.627794
0.076597
2.000713
2.036623
-1.047161
-3.325534
-7.569189
-6.970041
-1.489267
-4.951181
8.368604
0.373593
-1.340668
-1.817217
-7.000673
-5.409892
-4.202719
1.587316
1.649534
-0.087417
0.511429
-3.333913
-2.368793
-3.601711
0.593949
1.146344
-1.176670
-0.939721
-1.226301
-2.697682
-0.339068
1.998753
2.368643
1.288995
-0.841670
-2.008003
-3.373870
-1.481301
2.363819
1.411185
5.904115
0.711951
-0.604862
-1.264662
-2.943791
-0.085451
1.256770
3.856339
2.709378
0.895111
0.622606
-1.452266
0.161431
0.303639
2.506095
2.093974
0.256828
0.286348
-0.081744
-0.228704
1.641565
2.605575
1.979477
0.570170
-0.831310
-1.230018
-1.180502
0.728732
2.848952
1.883283
2.715955
-0.764226
-1.512447
-1.546496
-1.386479
1.101185
1.612968
2.182228
0.595316
-0.894241
-1.035217
-1.640696
0.086388
0.404339
1.188037
0.319341
-1.067633
-0.976546
-0.927005
-0.370254
0.894662
0.956574
-0.003196
-1.172020
-1.828545
-1.517720
-0.745735
0.769733
1.624098
0.442996
0.038780
-2.024539
-1.996102
-1.311429
-0.397494
1.250096
1.005462
0.592377
-0.784530
-1.579458
-1.167645
-0.821604
0.616359
0.665508
0.566378
-0.346924
-1.171815
-0.783290
-0.262331
0.463824
1.096298
0.585482
-0.387535
-1.124258
-1.156731
-0.354001
0.570649
1.457422
1.393094
0.089718
-0.539618
-1.530903
-0.897062
0.115768
0.976114
1.655262
0.845825
0.046514
-0.878081
-1.002983
-0.191359
0.429490
1.228511
0.830899
0.198102
-0.533012
-0.806083
-0.168826
0.553941
0.970633
0.961248
0.071035
-0.757073
-1.009891
-0.591271
0.438917
1.089705
1.274839
0.588168
-0.686081
-1.064991
-1.269706
-0.242304
0.736365
1.143690
1.015885
-0.054599
-0.807691
-1.153080
-0.716731
0.260298
0.713770
0.837670
0.149240
-0.626026
-0.919027
-0.626026
0.149240
0.837670
0.713770
0.260298
-0.716731
-1.153080
-0.807691
-0.054599
1.015885
1.143690
0.736365
-0.242304
-1.269706
-1.064991
-0.686081
0.588168
1.274839
1.089705
0.438917
-0.591271
-1.009891
-0.757073
0.071035
0.961248
0.970633
0.553941
-0.168826
-0.806083
-0.533012
0.198102
0.830899
1.228511
0.429490
-0.191359
-1.002983
-0.878081
0.046514
0.845825
1.655262
0.976114
0.115768
-0.897062
-1.530903
-0.539618
0.089718
1.393094
1.457422
0.570649
-0.354001
-1.156731
-1.124258
-0.387535
0.585482
1.096298
0.463824
-0.262331
-0.783290
-1.171815
-0.346924
0.566378
0.665508
0.616359
-0.821604
-1.167645
-1.579458
-0.784530
0.592377
1.005462
1.250096
-0.397494
-1.311429
-1.996102
-2.024539
0.038780
0.442996
1.624098
0.769733
-0.745735
-1.517720
-1.828545
-1.172020
-0.003196
0.956574
0.894662
-0.370254
-0.927005
-0.976546
-1.067633
0.319341
1.188037
0.404339
0.086388
-1.640696
-1.035217
-0.894241
0.595316
2.182228
1.612968
1.101185
-1.386479
-1.546496
-1.512447
-0.764226
2.715955
1.883283
2.848952
0.728732
-1.180502
-1.230018
-0.831310
0.570170
1.979477
2.605575
1.641565
-0.228704
-0.081744
0.286348
0.256828
2.093974
2.506095
0.303639
0.161431
-1.452266
0.622606
0.895111
2.709378
3.856339
1.256770
-0.085451
-2.943791
-1.264662
-0.604862
0.711951
5.904115
1.411185
2.363819
-1.481301
-3.373870
-2.008003
-0.841670
1.288995
2.368643
1.998753
-0.339068
-2.697682
-1.226301
-0.939721
-1.176670
1.146344
0.593949
-3.601711
-2.368793
-3.333913
0.511429
-0.087417
1.649534
1.587316
-4.202719
-5.409892
-7.000673
-1.817217
-1.340668
0.373593
8.368604
-4.951181
-1.489267
-6.970041
-7.569189
-3.325534
-1.047161
2.036623
2.000713
0.076597
-3.627794
-5.807220
-1.793203
-1.956195
-1.667386
1.682465
-0.383932
-6.540123
-0.840113
-0.782693
4.384564
1.579369
3.840052
1.775765
-8.865328
-6.909107
-3.014114
8.105137
5.228066
6.633208
20.480077
-15.217032
2.087512
-5.861427
-4.243307
5.829807
10.529171
13.502086
8.356125
3.644173
0.240347
-0.657653
5.856321
3.367828
6.776781
12.291235
6.524476
-3.024163
10.965804
10.202857
14.539397
7.386462
10.349167
1.886082
-17.570107
-3.992281
15.252565
32.763312
13.829585
12.737388
44.114492
-75.149936
12.859471
-10.112044
-7.144302
22.178889
32.484760
18.060299
-12.331956
-13.864132
0.504362
-3.721860
-16.267500
-28.682538
2.739848
22.129498
-11.998974
-54.105881
-22.804857
-6.194509
-4.673139
-48.003264
-63.415203
-65.871079
-65.665052
-19.232978
14.445682
45.353190
39.290416
101.248776
278.234718
