1.000000
0.966390
0.885222
0.784713
0.664743
0.507926
0.316817
0.116607
-0.070942
-0.241826
-0.399676
-0.540515
-0.652490
-0.724369
-0.754171
-0.747513
-0.711370
-0.646912
-0.552591
-0.432362
-0.299046
-0.164393
-0.030703
0.102580
0.226693
0.327949
0.403237
0.459894
0.499312
0.511645
0.491751
0.448643
0.394592
0.330359
0.250591
0.157160
0.061600
-0.026419
-0.105599
-0.178535
-0.244136
-0.296733
-0.331069
-0.346387
-0.346609
-0.335639
-0.313987
-0.279629
-0.233808
-0.182181
-0.130687
-0.081041
-0.033068
0.011534
0.049312
0.078266
0.098510
0.110174
0.113360
0.109776
0.102454
0.092401
0.079000
0.063646
0.051072
0.044547
0.042806
0.042861
0.045084
0.052459
0.065452
0.079995
0.091734
0.099901
0.105303
0.106868
0.101874
0.088679
0.067027
0.037488
0.001254
-0.039521
-0.083028
-0.128419
-0.174701
-0.218582
-0.255215
-0.281496
-0.297583
-0.304300
-0.299934
-0.281193
-0.246493
-0.198201
-0.140929
-0.078002
-0.009016
0.067028
0.146318
0.219878
0.281262
0.331611
0.373789
0.403411
0.411256
0.394517
0.359164
0.309976
0.244075
0.158768
0.059522
-0.044312
-0.148394
-0.251998
-0.350823
-0.435867
-0.500099
-0.542033
-0.562155
-0.558029
-0.525119
-0.461829
-0.372532
-0.265888
-0.148423
-0.020774
0.117853
0.258953
0.385244
0.485512
0.565146
0.631868
0.676698
0.681808
0.645737
0.585841
0.513623
0.423549
0.308758
0.177759
0.047349
-0.072349
-0.181595
-0.281521
-0.367485
-0.431310
-0.467829
-0.478308
-0.467695
-0.439371
-0.392609
-0.327486
-0.249226
-0.166451
-0.083991
-0.002046
0.077833
0.148761
0.204569
0.246002
0.276702
0.295196
0.296374
0.280185
0.253045
0.220207
0.180636
0.132383
0.078552
0.025884
-0.021732
-0.064655
-0.104052
-0.138350
-0.164192
-0.179436
-0.185009
-0.183469
-0.176241
-0.162807
-0.142597
-0.117448
-0.090625
-0.064435
-0.039064
-0.014666
0.007494
0.025647
0.039205
0.048519
0.053885
0.055423
0.053897
0.050497
0.045704
0.039645
0.033245
0.028313
0.025681
0.024689
0.024467
0.025490
0.028617
0.033438
0.038228
0.041710
0.043734
0.044366
0.043066
0.039051
0.031757
0.021031
0.007406
-0.008103
-0.024724
-0.042340
-0.060641
-0.078453
-0.094003
-0.106064
-0.114320
-0.118904
-0.119414
-0.114928
-0.104684
-0.088993
-0.069149
-0.046558
-0.021744
0.005511
0.034682
0.063355
0.088539
0.109412
0.127025
0.141045
0.148532
0.147408
0.138743
0.124579
0.104755
0.078252
0.045983
0.010709
-0.025561
-0.061991
-0.097381
-0.129352
-0.155423
-0.174271
-0.185557
-0.188988
-0.183506
-0.168243
-0.143569
-0.111754
-0.075469
-0.036123
0.006639
0.051844
0.095005
0.130890
0.158932
0.182253
0.200599
0.208787
0.203649
0.188859
0.169288
0.145227
0.114284
0.077246
0.038290
0.001293
-0.032505
-0.063251
-0.090473
-0.112541
-0.127406
-0.134238
-0.134096
-0.128835
-0.118837
-0.103380
-0.083079
-0.060560
-0.038070
-0.015803
0.006505
0.027441
0.044740
0.057727
0.067488
0.074438
0.077469
0.075761
0.070318
0.062808
0.053765
0.042772
0.029978
0.016627
0.003991
-0.007414
-0.017704
-0.026894
-0.034566
-0.039988
-0.042833
-0.043578
-0.042890
-0.040858
-0.037138
-0.031873
-0.025847
-0.019744
-0.013677
-0.007597
-0.001800
0.003251
0.007318
0.010457
0.012719
0.014053
0.014496
0.014245
0.013463
0.012219
0.010672
0.009090
0.007700
0.006509
0.005471
0.004644
0.004216
0.004195
0.004347
0.004462
0.004545
0.004636
0.004609
0.004284
0.003571
0.002438
0.000917
-0.000870
-0.002847
-0.005035
-0.007437
-0.009849
-0.012014
-0.013765
-0.015099
-0.016004
-0.016399
-0.016128
-0.015091
-0.013305
-0.010927
-0.008135
-0.004997
-0.001518
0.002260
0.006120
0.009693
0.012665
0.015108
0.017208
0.018743
0.019214
0.018520
0.017037
0.014994
0.012221
0.008611
0.004418
0.000013
-0.004408
-0.008724
-0.012754
-0.016245
-0.018974
-0.020790
-0.021652
-0.021555
-0.020436
-0.018243
-0.015080
-0.011266
-0.007104
-0.002694
0.002036
0.006851
0.011147
0.014453
0.016983
0.019112
0.020581
0.020732
0.019517
0.017608
0.015406
0.012694
0.009259
0.005416
0.001627
-0.001834
-0.004933
-0.007680
-0.010043
-0.011813
-0.012783
-0.012993
-0.012690
-0.011970
-0.010715
-0.008961
-0.006925
-0.004848
-0.002765
-0.000672
0.001379
0.003186
0.004595
0.005656
0.006509
0.007113
0.007301
0.007059
0.006557
0.005941
0.005173
0.004194
0.003039
0.001845
0.000719
-0.000308
-0.001284
-0.002219
-0.003026
-0.003594
-0.003937
-0.004125
-0.004180
-0.004049
-0.003709
-0.003210
-0.002618
-0.001966
-0.001244
-0.000487
0.000249
0.000908
0.001485
0.001979
0.002361
0.002585
0.002648
0.002590
0.002436
0.002179
0.001810
0.001363
0.000898
0.000456
0.000036
-0.000369
-0.000731
-0.001002
-0.001169
-0.001259
-0.001293
-0.001256
-0.001141
-0.000972
-0.000782
-0.000581
-0.000369
-0.000161
0.000022
0.000168
0.000279
0.000361
0.000411
0.000423
0.000399
0.000350
0.000290
0.000227
0.000161
0.000090
0.000017
-0.000043
-0.000078
-0.000098
-0.000116
-0.000130
-0.000126
-0.000107
-0.000085
-0.000062
-0.000039
-0.000016
0.000004
0.000021
0.000035
0.000043
0.000043
0.000037
0.000027
0.000015
0.000000
