1.000000
0.989104
0.962051
0.925228
0.878287
0.816020
0.739428
0.655450
0.566844
0.471832
0.369504
0.264930
0.161663
0.059337
-0.042716
-0.141530
-0.233659
-0.319066
-0.397472
-0.465603
-0.520390
-0.563108
-0.596668
-0.619209
-0.626833
-0.619725
-0.602830
-0.578708
-0.544570
-0.499358
-0.446536
-0.390873
-0.331531
-0.266443
-0.197171
-0.128343
-0.062142
0.002744
0.065854
0.124673
0.176688
0.221892
0.259506
0.287768
0.305857
0.314820
0.315252
0.306067
0.287093
0.260287
0.227526
0.188721
0.143650
0.094343
0.043553
-0.007988
-0.060811
-0.114203
-0.165506
-0.212840
-0.255688
-0.293930
-0.326279
-0.351325
-0.368279
-0.376898
-0.377040
-0.368678
-0.352136
-0.327704
-0.296165
-0.258857
-0.217259
-0.171819
-0.122884
-0.072010
-0.021754
0.026726
0.073873
0.119455
0.161177
0.196919
0.226643
0.250840
0.268207
0.276840
0.276650
0.268812
0.253326
0.229148
0.196773
0.157849
0.113543
0.063809
0.010374
-0.044379
-0.099510
-0.155978
-0.212789
-0.266197
-0.314285
-0.358318
-0.399719
-0.435383
-0.462039
-0.479966
-0.491711
-0.496338
-0.489907
-0.471518
-0.444115
-0.410028
-0.367524
-0.315038
-0.254578
-0.189212
-0.119738
-0.045839
0.030436
0.106341
0.181731
0.257167
0.330907
0.399127
0.461579
0.519758
0.572658
0.615821
0.647454
0.670935
0.687521
0.693756
0.685180
0.664575
0.636924
0.603056
0.559733
0.506616
0.448355
0.387643
0.323748
0.255487
0.185752
0.117522
0.050941
-0.014785
-0.078375
-0.137313
-0.191162
-0.240088
-0.282635
-0.316776
-0.342734
-0.362474
-0.375634
-0.380003
-0.375160
-0.363831
-0.348242
-0.327220
-0.299828
-0.267704
-0.233944
-0.198696
-0.160601
-0.120150
-0.079926
-0.041682
-0.004693
0.031132
0.064544
0.093908
0.119131
0.140156
0.156118
0.166402
0.171421
0.171855
0.167335
0.157624
0.143579
0.126405
0.106376
0.083270
0.057914
0.031802
0.005619
-0.020879
-0.047597
-0.073290
-0.096868
-0.117994
-0.136782
-0.152741
-0.165119
-0.173529
-0.177924
-0.178375
-0.174799
-0.167391
-0.156338
-0.142061
-0.125128
-0.106241
-0.085790
-0.063924
-0.041264
-0.018858
0.002565
0.023130
0.042893
0.061022
0.076504
0.089167
0.099383
0.106837
0.110721
0.110818
0.107670
0.101544
0.092029
0.079180
0.063665
0.046201
0.026836
0.006014
-0.015300
-0.036493
-0.057752
-0.079050
-0.099114
-0.116985
-0.132865
-0.147519
-0.160232
-0.169663
-0.175623
-0.179036
-0.180066
-0.177388
-0.170386
-0.159966
-0.147274
-0.132001
-0.113400
-0.091983
-0.068993
-0.045003
-0.019814
0.006150
0.031828
0.056871
0.081517
0.105550
0.127775
0.147711
0.165824
0.182146
0.195569
0.205159
0.211731
0.215976
0.217247
0.214117
0.206987
0.197514
0.186303
0.172595
0.155960
0.137716
0.118932
0.099558
0.079115
0.058247
0.038032
0.018619
-0.000321
-0.018623
-0.035465
-0.050557
-0.064080
-0.075855
-0.085306
-0.092267
-0.097292
-0.100573
-0.101624
-0.100172
-0.096800
-0.092297
-0.086550
-0.079246
-0.070660
-0.061616
-0.052360
-0.042522
-0.032131
-0.021782
-0.012044
-0.002737
0.006255
0.014641
0.021955
0.028163
0.033406
0.037499
0.040215
0.041578
0.041892
0.041171
0.039290
0.036337
0.032638
0.028397
0.023540
0.018136
0.012488
0.006854
0.001231
-0.004442
-0.009955
-0.015038
-0.019575
-0.023632
-0.027167
-0.029990
-0.032003
-0.033223
-0.033733
-0.033483
-0.032479
-0.030774
-0.028500
-0.025758
-0.022606
-0.019142
-0.015429
-0.011613
-0.007817
-0.004155
-0.000640
0.002718
0.005799
0.008457
0.010632
0.012388
0.013703
0.014479
0.014667
0.014335
0.013559
0.012296
0.010539
0.008373
0.005936
0.003274
0.000422
-0.002504
-0.005402
-0.008246
-0.011045
-0.013670
-0.015991
-0.018005
-0.019795
-0.021328
-0.022441
-0.023095
-0.023383
-0.023360
-0.022897
-0.021904
-0.020482
-0.018777
-0.016796
-0.014440
-0.011761
-0.008915
-0.006001
-0.003000
0.000073
0.003092
0.005989
0.008776
0.011466
0.013956
0.016156
0.018097
0.019805
0.021211
0.022203
0.022823
0.023155
0.023178
0.022775
0.021940
0.020838
0.019559
0.018063
0.016292
0.014356
0.012384
0.010387
0.008315
0.006204
0.004172
0.002252
0.000404
-0.001375
-0.003004
-0.004433
-0.005685
-0.006773
-0.007655
-0.008289
-0.008712
-0.008972
-0.009056
-0.008928
-0.008614
-0.008187
-0.007666
-0.007029
-0.006279
-0.005474
-0.004655
-0.003800
-0.002901
-0.001995
-0.001138
-0.000326
0.000461
0.001205
0.001865
0.002430
0.002927
0.003352
0.003680
0.003894
0.004026
0.004096
0.004092
0.004001
0.003835
0.003629
0.003381
0.003081
0.002735
0.002371
0.002002
0.001617
0.001217
0.000823
0.000453
0.000103
-0.000235
-0.000547
-0.000821
-0.001053
-0.001260
-0.001439
-0.001577
-0.001672
-0.001735
-0.001778
-0.001789
-0.001768
-0.001717
-0.001652
-0.001576
-0.001484
-0.001379
-0.001266
-0.001155
-0.001045
-0.000940
-0.000839
-0.000745
-0.000657
-0.000576
-0.000504
-0.000440
-0.000383
-0.000333
-0.000292
-0.000259
-0.000232
-0.000209
-0.000190
-0.000177
-0.000166
-0.000156
-0.000146
-0.000137
-0.000129
-0.000122
-0.000113
-0.000104
-0.000095
-0.000087
-0.000078
-0.000068
-0.000058
-0.000050
-0.000042
-0.000034
-0.000025
-0.000018
-0.000012
-0.000007
-0.000003
0.000000
